ID,nFollowers,o,c,e,a,n,Online Literacy,Political Leaning,nFakeShares,nTrueShares,freqUse,sessionLength,shareFreq
0,201,0.823240384497173,0.756650585070687,0.734202986397836,0.6431927899016,0.398693095967442,0.432347672874816,0.372052049050099,0,0,-0.795917229829042,-0.0908117471118285,0.292721661715495
1,269,0.696920456475318,0.499857434335846,0.907978976277625,0.686232071951764,0.741172705079885,0.72414795984795,0.231314491216682,0,0,-0.632863719116652,0.15129989541496,0.672969234003352
2,248,0.795739095533372,0.48390888569183,0.83035064370633,0.749645517131353,0.430626681793778,0.648583891215481,0.969896370805253,0,0,-0.730152838963423,0.041011978203621,0.357571142424585
3,173,0.664255404725283,0.600813893116955,0.437319841331275,0.55474514807273,0.732696224438297,0.70113781096676,0.466735605733923,0,0,-0.707057122269555,-0.089992573255269,0.32042259661538
4,180,0.923451396489283,0.71439471414192,0.669012980062447,0.919514166417252,0.703902581701446,0.495654158059791,0.370903442861296,0,0,-0.819786314534573,-0.0281364400176252,0.470919963857734
5,187,0.715011666548809,0.669322462995205,0.654704383176999,0.652086326377442,0.60261697484341,0.667057943821643,0.450998003779586,0,0,-0.745361952952435,-0.0474003067382883,0.394535974806844
6,164,0.887410223467338,0.735431231595567,0.597788308180677,0.830814849006256,0.543801249088087,0.62798202184317,0.622830631812412,0,0,-0.844587643268465,-0.107532644851104,0.325078028678907
7,171,0.68716661857002,0.640912120981416,0.744989086317466,0.958470371470072,0.428844780958953,0.648750472054798,0.157842794190919,0,0,-0.857240000143109,-0.0439079431603356,0.319484681538625
8,149,0.564793324090559,0.65856926978764,0.412332671639196,0.878465730716338,0.474309877599896,0.560644560700891,0.0806453832103502,1,0,-0.887903028540796,-0.185199739090055,0.195573459015625
9,179,0.794760326166071,0.606996349780026,0.609949575556701,0.733081533413693,0.62742770654605,0.55278523063795,0.840943805235491,0,0,-0.757188672298506,-0.0423919239162018,0.382699263300278
10,270,0.811900263920592,0.806322860330443,0.94963396162949,0.57001142753062,0.482833705491862,0.799177416125285,0.387119552857787,0,3,-0.728134954579247,0.0120318739019768,0.458515284554484
11,191,0.946878120551385,0.758902553623197,0.624251511744351,0.754949945097928,0.523268282998325,0.634720439962226,0.306539027271336,0,0,-0.826114164759466,-0.108049048409818,0.326651016709575
12,168,0.906227734510932,0.888020949658837,0.609892773085185,0.672965725994819,0.57828308780559,0.645387008458983,0.575293716785541,0,0,-0.826184320514612,-0.138424915022569,0.352690676050015
13,140,0.898543446202421,0.840499513249702,0.293647884530304,0.920974141369738,0.703640497801602,0.453611973022553,0.623303690559678,0,0,-0.924533948056509,-0.232397703963806,0.206622543649291
14,143,0.792151699029299,0.740992570558309,0.361044244914577,0.80791747452683,0.362341999248992,0.603872547218787,0.234322482446416,0,0,-0.921520220102342,-0.26144502336106,0.13082149351969
15,153,0.827700538389278,0.810452180782352,0.65501951879392,0.850356336075856,0.979416010867071,0.625743685625195,0.561831043910499,0,0,-0.767285598984758,0.00861217982732291,0.64153660413721
16,266,0.700480187172587,0.516522696302483,0.854720995050405,0.663682283307926,0.890574190845451,0.535017430756835,0.688644983240802,0,1,-0.607846859545692,0.161425544670487,0.761192458565632
17,194,0.607961261591449,0.695981234702438,0.625229216117113,0.547339480668976,0.505075774601805,0.706819756505493,0.629459899373531,0,0,-0.745353536628642,-0.0936877356296859,0.31578813063403
18,218,0.724350887450435,0.556195514825576,0.729056617301503,0.76143706186234,0.380689143289474,0.679671917326026,0.48049758303028,0,0,-0.78343646388152,-0.0383726188133426,0.277543939050031
19,247,0.988982875828385,0.653028466013266,0.6425904146119,0.552444107695353,0.484222329157749,0.39257004967109,0.933061875389226,0,0,-0.736394477942922,-0.0786513499503364,0.311156627257818
20,246,0.558951595046795,0.667775812063133,0.983751541112997,0.726433453253718,0.364816708494569,0.676135156257956,0.338752554101525,0,0,-0.759424841895146,0.0376492206041811,0.358888999205304
21,182,0.871060583292107,0.72739072099425,0.544172073175392,0.613409177626688,0.489077026217185,0.404918643306356,0.411619880680391,1,1,-0.793807422506333,-0.143167470604778,0.266142059299061
22,235,0.914312304762281,0.668427401530632,0.78546751271868,0.785161279163042,0.607922177807707,0.74197947587161,0.442964399049411,0,0,-0.762823991508357,0.0123572661123353,0.477503120929143
23,145,0.490236024374295,0.881352674099072,0.481176039516103,0.851821022725191,0.595431748898694,0.504057135993652,0.0687737369259095,0,1,-0.902191271572882,-0.189210617641055,0.286507490737221
24,148,0.683324549272299,0.804931090889148,0.652921385535427,0.823147469463849,0.600319791360039,0.660591732657489,0.773197715367602,0,0,-0.839004965988921,-0.088968650413622,0.391961629939135
25,187,0.679143752412202,0.838980250629097,0.82259524701341,0.779790956268964,0.928522370834966,0.618267156416068,0.640749658096049,0,0,-0.732412283648024,0.0614428724064041,0.763798088994467
26,140,0.852052727600016,0.522783133724304,0.354530851999107,0.977684119545766,0.651601018454492,0.618264988705423,0.712838164960805,0,1,-0.85484120669456,-0.12469213765273,0.231012664236157
27,184,0.753847269318939,0.983928757878221,0.755141675320097,0.618690626516943,0.445911516350254,0.696109473608466,0.600954348432455,1,0,-0.83690399178337,-0.136605531286401,0.336726369501256
28,134,0.528283450901222,0.719300331334274,0.602216050735074,0.835737310018662,0.620418103429598,0.729349397943864,0.418560079048917,1,0,-0.824391437193439,-0.0809216043646709,0.373625740051917
29,145,0.671840632610984,0.734131898232318,0.56800746791939,0.74040793531909,0.495804397112562,0.619131056125842,0.318974121268527,0,1,-0.830855225158063,-0.132827214482886,0.281620600187206
30,164,0.746168890653304,0.886424749749047,0.669224427740084,0.789405687021178,0.461152085405021,0.536914258188604,0.948500177979635,0,0,-0.877636039913481,-0.141949639528749,0.308614240456321
31,165,0.772132934230176,0.67263150769813,0.459298742311084,0.606827050037035,0.562261521055187,0.428483929337421,0.463627531731754,1,1,-0.776422907489822,-0.145690240980212,0.258246009470565
32,143,0.83242544851718,0.947297324426844,0.206472683047365,0.742698047165351,0.542819137739445,0.481997539884356,0.0273576658371313,1,0,-0.947244164695922,-0.344480460543343,0.11207732377852
33,147,0.815779818314442,0.803794834653218,0.626827073349848,0.868378484430137,0.794304457823379,0.668811808019765,0.667369673742418,0,0,-0.816339506262543,-0.0499371330468113,0.497891538646167
34,145,0.423327978545964,0.802427545287292,0.714227720794298,0.80465042761128,0.777659797256782,0.594772635474883,0.925228054007342,1,0,-0.782821307444333,-0.0150025604433072,0.555426184548067
35,192,0.723171518940122,0.765052015894044,0.768162084253915,0.76486158255172,0.408025810654264,0.656409841998291,0.439807890439374,0,0,-0.82927266399188,-0.0757885348713157,0.313429957141573
36,119,0.77855516501319,0.844923955801973,0.445470328574229,0.806229424759265,0.510247662561084,0.530652580822105,0.905202255106279,0,0,-0.90231289085591,-0.216370891318424,0.227300193895318
37,149,0.60709217925065,0.784269998756063,0.543906978868017,0.759935526779776,0.368814748968246,0.592598524078782,0.999310137069535,0,0,-0.882849473969428,-0.19131751855017,0.200600915873284
38,138,0.633995898134378,0.837425817246947,0.52782098561502,0.711306965576944,0.732234681271039,0.748110100125829,0.500878328008162,0,0,-0.806553440344401,-0.11999673858141,0.38648883116998
39,154,0.393829281373451,0.708775541577161,0.446949965089432,0.691147389794156,0.820425745303953,0.687988710183,0.00501606047959563,0,0,-0.760349152595964,-0.0949564642376456,0.366689258222073
40,139,0.940923966234988,0.737532021038421,0.544077130788036,0.900441839574507,0.87645934903944,0.619273801506199,0.362528756903029,0,0,-0.805930746980733,-0.0457820427990686,0.476861487877729
41,210,0.815611837460786,0.616468745007479,0.756957375226467,0.902108962627586,0.884486895653656,0.55638081451775,0.741630980547095,0,0,-0.731914162822233,0.0867832152679023,0.669518878956198
42,210,0.782733374553753,0.881387121089591,0.892823899180376,0.7023678384384,0.798765576001925,0.677699100472545,0.476066675240775,0,0,-0.734124429732732,0.0464499575356021,0.713156996097098
43,226,0.933094445764803,0.646414014737772,0.645707004419511,0.614920445587156,0.570672325009631,0.638674301237152,0.612287824245858,0,0,-0.735552077222173,-0.0528933996222457,0.368487117487086
44,183,0.683269601087903,0.627015454281024,0.584214235390991,0.69348468150019,0.549306480478472,0.633662254691482,0.447711706796745,0,0,-0.77151684518726,-0.0800150906002591,0.320912665488047
45,151,0.546648291206926,0.819293803752985,0.780833031759843,0.825003116650267,0.670972559619155,0.691898133049323,0.29384183546961,1,0,-0.804749872329586,-0.0180572641322846,0.523917537955087
46,136,0.570946958882827,0.578392213068911,0.48334194665747,0.880327706701786,0.543243968331263,0.380270010733104,0.159692704069032,0,0,-0.838344965530009,-0.112012095049733,0.262572597163162
47,170,0.685694534650768,0.673073570296898,0.708104940045234,0.886418574993962,0.790118231654116,0.467432259814278,0.871757232494395,0,0,-0.771864612561799,0.0238332718424603,0.559486623054084
48,197,0.74942189019766,0.727441451250849,0.692450377643815,0.659000630361883,0.43959429455049,0.489106439926792,0.5578183377674,0,0,-0.791834380072034,-0.0901098894973181,0.304397235271553
49,193,0.699748058602624,0.439587996195632,0.526476550325091,0.647642369917654,0.775412292685784,0.674164665163414,0.36831540902349,0,0,-0.666762815358309,0.00847780307913051,0.408236388932882
50,209,0.852961750539125,0.667049847217281,0.788451202367304,0.895885131350526,0.585631360499205,0.599180730226751,0.572801263896486,0,1,-0.802465100505778,0.00831241385791983,0.461741750329598
51,183,0.960262568354125,0.868253849970905,0.634319812044861,0.726011534327557,0.675577764707462,0.361245332326202,0.833258743337268,0,0,-0.812382847229418,-0.0964869889732104,0.428532360730925
52,274,0.909172650076843,0.45022812942314,0.818651337583025,0.745723429715576,0.464209143775983,0.657933201836597,0.770280054673852,0,0,-0.714485450612055,0.0544983341497431,0.380025436470479
53,152,0.702101585518773,0.795947669879583,0.167842450820694,0.756060617876068,0.442166075557659,0.611339296216285,0.301690777697007,0,0,-0.938459947162683,-0.342900348899434,0.0742142377913655
54,168,0.721230386755994,0.721001264521541,0.685691775687904,0.885735075026814,0.412343049640329,0.453707121095019,0.523680049414471,1,0,-0.870420851288175,-0.0982706466827841,0.282740237900443
55,139,0.746153681286475,0.758129978535459,0.447800129798847,0.602115478702816,0.743732663144747,0.721537792249167,0.109269389996513,0,0,-0.76161393576592,-0.129085541803121,0.33304358309186
56,194,0.712489765404668,0.688465094915813,0.647804570259086,0.684342898978684,0.657237334938935,0.577241119387026,0.712273964120067,0,1,-0.750593770073583,-0.0419779470979599,0.425761349318344
57,137,0.496529184375403,0.869966376613934,0.746250195506654,0.848234604662188,0.689251649761663,0.602785155784631,0.921626736067514,0,0,-0.828735323603286,-0.0437024858703697,0.514354178387925
58,156,0.814546275641061,0.592046987467907,0.462890634707467,0.755174553309362,0.330487852726403,0.79528833789085,0.673057581394543,2,1,-0.851292212911688,-0.18030641904329,0.152979731911632
59,144,0.419844986329997,0.577310184718834,0.585883840812098,0.805104988420699,0.742595616536457,0.639652709016844,0.19641673628905,0,0,-0.75187451323874,-0.0144335582314925,0.435074771986607
60,139,0.349294468254002,0.943534522190883,0.851628855584495,0.722159072450095,0.694036121724677,0.576221299081767,0.687919536611507,0,0,-0.787890922303515,-0.0174250762385331,0.591061188078687
61,133,0.783077558786222,0.754997129593483,0.649359684066029,0.97186013047403,0.185664548275466,0.54898749164058,0.750130765206628,1,0,-0.963190633661361,-0.183259592223232,0.120563072410418
62,176,0.45896358909087,0.702501621275675,0.766265233268858,0.720468103919016,0.59441156502347,0.469155991926159,0.0234171785606029,0,0,-0.757814071626256,-0.00977589688203025,0.455476916530416
63,163,0.613692174878973,0.927199068708686,0.80145700973126,0.787079146442234,0.734974797092889,0.552312185494082,0.611255096813589,0,0,-0.804786369784119,-0.0242698093794128,0.589050703105906
64,194,0.648582112979723,0.798748576077333,0.684313347774771,0.517474021132169,0.532009499020776,0.608326853164154,0.415169126231076,0,0,-0.747454394670452,-0.0908948867472583,0.364061201322886
65,152,0.611338233240033,0.776158844622307,0.690955249830541,0.842016269243896,0.745089141880108,0.603872997089223,0.702655736048297,0,0,-0.798930613431313,-0.0260068061426373,0.514823254173794
66,208,0.977336180329216,0.746326905141374,0.542312761254394,0.582743455533617,0.684338095163296,0.599528119129673,0.242421793959215,0,0,-0.747430929098643,-0.0989813125901922,0.37112528201958
67,130,0.407581795515046,0.782250334412662,0.598411935860597,0.77334326844997,0.768624177694777,0.705851514753174,0.268246106452821,0,0,-0.790446660597281,-0.0628403778189145,0.459953882123591
68,170,0.738616138008632,0.690542505269208,0.527479366987719,0.652028075781991,0.378866642159605,0.43950108325187,0.480122605934947,0,0,-0.822899527572007,-0.168241523821622,0.199844336579111
69,136,0.747912826901948,0.715492681833213,0.279830438018665,0.836279030236177,0.223151004763353,0.525898305308852,0.553018041705955,1,0,-0.968594593616102,-0.326071080188824,0.0624444434072342
70,273,0.991454740341251,0.733841808773336,0.821323277016902,0.522653613775073,0.530035453045488,0.721339391946672,0.113722660941647,0,0,-0.706284658159338,-0.0112817398024242,0.435330455230458
71,145,0.864052682639544,0.674128144535096,0.504201959180928,0.846612769256866,0.853854001504445,0.55971270760384,0.664149252124021,0,0,-0.783212234227578,-0.0505786531695748,0.430514860413016
72,187,0.796127392211608,0.593390837164466,0.56030560133022,0.626117596954996,0.445615077117684,0.642929650124257,0.179478400379055,0,0,-0.767188097067771,-0.107561257093678,0.249680623746236
73,157,0.725075416286699,0.759360775256444,0.609890956455748,0.770171808044341,0.47679907450188,0.370110977128642,0.959099497342887,0,1,-0.843818821585413,-0.126614859372941,0.290795443585167
74,266,0.983517646087415,0.656957565967609,0.797429450270407,0.640344107821415,0.727989256291029,0.60453688877712,0.324674659994872,0,0,-0.684791684005344,0.0522006544274525,0.580520072446918
75,172,0.739079763494809,0.981408708171953,0.65695383896534,0.504789284694635,0.327043973869253,0.63374275909636,0.541008536677463,0,1,-0.843136461906598,-0.210315399285436,0.214852794143886
76,206,0.649475296105906,0.643596144463284,0.787131182309403,0.786686004434586,0.697450826978836,0.766657680475161,0.225476416462454,0,0,-0.736850014277675,0.0436652155873487,0.548985294042522
77,148,0.816557239313557,0.85310889186462,0.65029751665813,0.989977868266535,0.602903957835465,0.537400142299234,0.464297712226225,0,0,-0.906173379654867,-0.103739749265598,0.392066946563761
78,207,0.928857391385339,0.811641792939831,0.747348511644657,0.680533651356328,0.341818299232753,0.588438539587805,0.523352885273201,1,1,-0.833032624960083,-0.116008300339018,0.255457397184506
79,139,0.632676546351789,0.749537213706853,0.580228390540091,0.887373821829656,0.766589419927588,0.565675280502082,0.150865534846856,0,0,-0.822023500610443,-0.0617567068029856,0.444796945329647
80,217,0.945208999120175,0.67532348070767,0.640030403936407,0.623959290562137,0.523160027036582,0.615616131642564,0.494409626011796,0,0,-0.757759423519906,-0.0763001040432743,0.334838323427605
81,155,0.811833232214413,0.745163620204788,0.546689878819938,0.682541998891144,0.655908452169326,0.464561460187924,0.213740066099126,0,0,-0.784666619449083,-0.10406189817088,0.358578512233422
82,159,0.750715723757775,0.887093093936364,0.714851583992564,0.776842041021782,0.564491145660231,0.561479297941801,0.590810402583047,0,0,-0.84308097700243,-0.0950773231095751,0.403527389624993
83,137,0.558855848951635,0.774145541403818,0.406317665424279,0.675632198946694,0.46396921335187,0.602073930503578,0.132370258429215,0,0,-0.857715614632797,-0.224798809358374,0.188518887597871
84,214,0.784958589792521,0.673125365218367,0.780979526884714,0.794574560736063,0.749803036868759,0.587890827268327,0.723295648775507,0,0,-0.737435777086288,0.045754542924109,0.585580820990485
85,142,0.609411335357977,0.618907018254964,0.53709376850885,0.801394077225113,0.686233492443749,0.688591996183522,0.836756999521374,0,1,-0.783341658984585,-0.0630554250676766,0.368571732533603
86,148,0.768098980284116,0.744346786672434,0.49486120193725,0.669767875921615,0.625640108182869,0.567704508319723,0.179010827979721,0,0,-0.796401101794624,-0.134702189364903,0.309605015915526
87,134,0.674498187675437,0.869132813853667,0.358434364628137,0.495321866638746,0.504936981575273,0.526145659181263,0.491970310528622,0,0,-0.82578184201828,-0.263603380157955,0.180986766168182
88,160,0.741417940446632,0.791716143376277,0.72636528468681,0.823706698837172,0.517143820930435,0.622134757139666,0.603355183408822,0,0,-0.839882066878243,-0.0739755179353868,0.37563531871416
89,138,0.780300125880651,0.725937809031636,0.538407179722797,0.898766543177823,0.24470217753774,0.593498296154559,0.191234853731069,0,0,-0.939296328109258,-0.208655595289457,0.131749409280122
90,215,0.886874569382081,0.712264695002488,0.739461292794436,0.83420087403713,0.542230470026997,0.34751981337143,0.472762986142742,0,1,-0.813449550321743,-0.0381099539369516,0.400958444358698
91,191,0.740898206800073,0.642387561588748,0.680445413443837,0.702747661229485,0.542294716672044,0.491919832747497,0.560862724020483,0,1,-0.762510861533569,-0.0436182412844308,0.369001952694317
92,135,0.788710036560328,0.975047413038361,0.555421871507765,0.800123546078125,0.359054791381223,0.723137854935299,0.659533555855833,0,0,-0.948640282536935,-0.245256789131302,0.199426884202789
93,214,0.502972094410387,0.665577938711506,0.781079440569232,0.584723434108161,0.320597090461668,0.557783526032638,0.117637433231446,0,1,-0.759973576304375,-0.0632403922085034,0.250411796065923
94,139,0.587321511192807,0.71236289313622,0.495115672320784,0.669728640085714,0.582257408078189,0.627278945082391,0.680831666709389,0,0,-0.796828334420121,-0.136359748914557,0.28828476806439
95,140,0.667109337697902,0.566406089281177,0.41198474295129,0.730619530981663,0.0900160581816208,0.675868312938155,0.397422925966164,0,0,-0.89745043119566,-0.2576784959838,0.0370852425914434
96,201,0.730651990556631,0.617636274244671,0.580577803914687,0.502321207823562,0.634696708171201,0.773285101478275,0.152993129092984,0,1,-0.689438626758858,-0.0567140588808412,0.368490820981917
97,138,0.369681188473068,0.53340140797842,0.490135442920445,0.660003704549503,0.475477555506551,0.524390021486784,0.845088113836917,0,0,-0.768046031492524,-0.113231224453192,0.233048402266934
98,234,0.921107884507665,0.647785487106526,0.76727957575186,0.662661624276389,0.596274041195556,0.604526788905529,0.397588784463523,0,0,-0.723397559876331,0.00736997409403735,0.457508893360373
99,131,0.812105014435153,0.821097375690346,0.394757298490414,0.655515609933737,0.530857357823696,0.645410976548627,0.320298439913567,0,0,-0.851945999686431,-0.226507034032294,0.209559816458241
100,263,0.836729700258039,0.47121176498752,0.792928348287028,0.598250909572047,0.781087742169197,0.567582352476919,0.647552332095666,0,0,-0.609149420015004,0.119002231656613,0.619346613265466
101,146,0.596000820241587,0.968431214599995,0.73881756237311,0.742490206191264,0.449035235115746,0.652478260651259,0.0574261941169755,0,1,-0.874950033118749,-0.138458974907867,0.331755117827852
102,187,0.752681604404159,0.58156749967698,0.507915265732001,0.618297883858393,0.699754014392115,0.651586050479826,0.524308932943502,0,0,-0.716322017922127,-0.0614547669587788,0.355415746167005
103,307,0.86712662643612,0.617611002781214,0.965261761659468,0.604914945046052,0.464990598562102,0.743210346568687,0.212029229043313,0,0,-0.688110805788398,0.0702661965777268,0.448837644323146
104,174,0.618253860735368,0.705978615364975,0.702585192149067,0.740061844517435,0.597565491038521,0.60912891661616,0.277837738449146,0,0,-0.776184225093963,-0.0382906733281979,0.419840665342951
105,138,0.823095731639711,0.959170290826837,0.517422835276605,0.671468087721461,0.390633793475077,0.80840643655106,0.286192664446093,0,1,-0.902891506847129,-0.249253768480367,0.20212284497473
106,137,0.649676015186811,0.670709453804324,0.461512754717289,0.704410857401888,0.776418466455313,0.732346890549618,0.431640389830907,1,0,-0.76088287056824,-0.0886145669866641,0.358327025267165
107,239,0.941858834388008,0.564665846492717,0.723894150384129,0.757690293509925,0.683896309095178,0.530209790889946,0.63102674435641,0,0,-0.720218511825158,0.0354324887531131,0.495068537623295
108,237,0.744918140118736,0.85008161869662,0.805110578132607,0.46570148786351,0.717819838946837,0.596386022809776,0.320281085444377,0,0,-0.682621472289629,-0.00424396812421564,0.577924345529543
109,163,0.552398323840157,0.481109548857459,0.505943517092359,0.659495810345285,0.67131221642679,0.692376433130143,0.648457880653404,0,0,-0.708302933255414,-0.0399395803986609,0.339646063846037
110,124,0.837288462601502,0.887711240216213,0.551086038988634,0.790153353285459,0.562344276163715,0.683464768841061,0.76922986665821,0,0,-0.878248775518936,-0.16860176002667,0.309900079698992
111,154,0.733903573318126,0.69990941515854,0.608840073082099,0.803665341934317,0.245842740519506,0.628893171189499,0.0447717414410493,0,0,-0.888114806295632,-0.169344268912837,0.1496789121046
112,130,0.645705699620184,0.797912712340298,0.559459886920686,0.802150067526286,0.714372447469947,0.6640372121592,0.975488490230985,0,0,-0.822966882039229,-0.0988583675327602,0.39966272868079
113,173,0.730961126691641,0.889556787753214,0.8359429471082,0.880497915426032,0.489663800830732,0.725836585956724,0.768332532663348,1,0,-0.871013381947321,-0.0613886048485994,0.409331000758645
114,148,0.681532979005509,0.945929448480083,0.463033591889046,0.718807477158924,0.770774510453032,0.619791381367777,0.0708016555141144,1,0,-0.842683705291814,-0.170948552296329,0.356894490111589
115,183,0.838088882001065,0.984624200015209,0.730977827652749,0.639843919744747,0.443262237153581,0.612962610635459,0.147278438544996,0,0,-0.848962348660467,-0.148237926230134,0.324014867195022
116,144,0.544756849423576,0.706795407467506,0.643146549710633,0.778825352188814,0.528105582767554,0.56969116204297,0.889007525472863,0,0,-0.814867891924721,-0.082957984586651,0.339649283439875
117,198,0.786061680594215,0.742890302329241,0.620999442578631,0.61599632719701,0.528132115707484,0.683378845295272,0.164742081880706,0,0,-0.776340082803311,-0.103489048064369,0.327969749462221
118,216,0.761439259988947,0.560503505716378,0.671782468390152,0.66680078508734,0.323559500204986,0.587096701757351,0.726961684822175,0,0,-0.776933184095036,-0.0799156268005294,0.21736159971879
119,193,0.967424134599949,0.795603806661837,0.695078236657724,0.779974955674318,0.740889294679095,0.609599487256736,0.423912658950492,1,0,-0.784414671133442,-0.0310246870610497,0.51497602450413
120,134,0.84071517841821,0.95813664165144,0.583669818123131,0.788512449656782,0.587256749030534,0.599999670168469,0.167460678615271,0,1,-0.885839825978666,-0.168528076760008,0.342764039898233
121,137,0.563742186103692,0.655471291522189,0.629562084061005,0.913073968857707,0.560245985034668,0.659053442835524,0.33101469056167,0,0,-0.839613042987598,-0.065455682526029,0.352709629925236
122,232,0.925577603717233,0.695275367586582,0.886696109090718,0.884280226141669,0.638500721743228,0.604041525575486,0.379238467783684,0,0,-0.777007353108303,0.0573205711332797,0.566156105621335
123,139,0.789612756179128,0.935590512426136,0.434665820489123,0.809769371955988,0.578902260699772,0.630246508156728,0.596682658058206,0,0,-0.915771762139691,-0.230237719579304,0.251629026130074
124,263,0.790301698375121,0.707001087130532,0.995386090324849,0.746924577446617,0.747577590090844,0.614089393483571,0.663003854744348,0,1,-0.692318713070131,0.130432130277402,0.744128334614998
125,206,0.797961019695104,0.539264183090468,0.522305815133686,0.530323995256928,0.906507497509226,0.576270025559541,0.636753548848855,0,0,-0.628996683835239,0.0110781036831508,0.473474137411354
126,146,0.634354549741029,0.775076664725057,0.565745221254468,0.761005758941421,0.315767089049637,0.634675529764099,0.906508995892673,0,0,-0.888043369247266,-0.192640779237014,0.178643721659266
127,198,0.69932671153431,0.741333697336868,0.743667942642515,0.678489697315471,0.546967645668767,0.591581608451912,0.0922994040639249,0,1,-0.769395812994086,-0.0436252128630886,0.406762303746512
128,201,0.738034076124957,0.612955300816848,0.760288467902699,0.772240804420155,0.881189629398115,0.674605349460838,0.387747663793824,0,0,-0.6890790135557,0.0884498745957191,0.669958313266841
129,146,0.649449776308372,0.848524201718306,0.581237256013689,0.828835837240825,0.462362416544367,0.653686093897605,0.509514377235001,0,0,-0.895862573987714,-0.169511467621171,0.268742262276106
130,211,0.752481319665727,0.636246582987083,0.68572651506616,0.677284362376275,0.386059476843472,0.658539908745492,0.276152258961303,0,0,-0.785259373031796,-0.0799569683406828,0.264731219664139
131,146,0.860858977258943,0.83937226822616,0.522046370710428,0.856170039120246,0.638869228673757,0.459653824089026,0.0787045341856085,0,1,-0.875069938455974,-0.147345818391402,0.333519362187705
132,141,0.520052058717914,0.57352050530733,0.390915268620254,0.761892532448938,0.623977855430345,0.585703925550078,0.359444493154957,0,1,-0.798406755038335,-0.130716141889006,0.243922470968644
133,148,0.744415498593591,0.942141491288536,0.473974743229954,0.691985933334764,0.595432362692609,0.540930126462834,0.349122834222261,0,0,-0.86871540687335,-0.210422536025948,0.282219901218034
134,211,0.813736319770178,0.628397636986489,0.663075808412707,0.662173558530246,0.676491581142504,0.650155623505447,0.239651709399768,0,0,-0.71983092858376,-0.0124011232200705,0.448565202050456
135,196,0.889046963069114,0.791346417145982,0.67550914319676,0.729131280578839,0.904161755388827,0.820393487432875,0.882091551118533,0,0,-0.735255663184286,0.00386928403389102,0.610769532693985
136,191,0.844807916640122,0.623791565235104,0.7340497083396,0.974598051341489,0.608884386915546,0.625200501995093,0.250020895754188,0,0,-0.820951220546312,0.00297980320752582,0.446951406627893
137,221,0.664823666818875,0.767462562192762,0.943123317608207,0.736186584506807,0.43780040023328,0.70583057788136,0.722352527778598,0,2,-0.781962445839204,0.00897711538479095,0.412899765918212
138,197,0.695383073134993,0.852891684031897,0.917958613870159,0.897765824919493,0.688318888223064,0.581729882173707,0.304409166439476,0,0,-0.808510228220288,0.037429707842525,0.631848252533892
139,146,0.613008687152295,0.715006840543565,0.509253068605134,0.705335813231238,0.712565479451907,0.590461621245786,0.287174687889979,0,1,-0.778388025723875,-0.0970762794416135,0.362876156992972
140,136,0.686383248149961,0.828869977940259,0.534152635836779,0.895479089893532,0.510086384875189,0.570256302647137,0.933302681040178,1,0,-0.910364299575305,-0.1722416110872,0.272463986985536
141,165,0.9059157273483,0.792990584191521,0.610068393871933,0.77111827432537,0.528725459870193,0.456465275555443,0.0883720817259998,1,0,-0.842220570948219,-0.123037989925097,0.322558692102208
142,149,0.536366201574067,0.68671437993807,0.320522621990221,0.724972146839759,0.476849104737766,0.526018377205887,0.479700670182667,0,0,-0.862509461420136,-0.23368517935028,0.152840925344238
143,145,0.87014627501362,0.63190755913703,0.469970032175895,0.958379050075377,0.671144820191907,0.535667696515924,0.312034145838876,0,1,-0.853301973034647,-0.100652086875635,0.315417952740276
144,146,0.850952734856869,0.979938615406676,0.602400848319922,0.822104801675617,0.676981000711403,0.589767775892121,0.655067108411377,0,0,-0.879946949580145,-0.143401175497575,0.407813929125019
145,224,0.828754528289708,0.870808092544992,0.845117141025441,0.647646823272452,0.492506358258283,0.444714221159947,0.496988890382162,0,1,-0.788286680717078,-0.0510190570461728,0.416225565428092
146,131,0.807531064572043,0.745440883446478,0.575345752863073,0.902834641858279,0.619332327851158,0.514609991572934,0.49673288787061,0,0,-0.85850248856596,-0.100890805120624,0.356330224439964
147,200,0.762078832502441,0.703098168589866,0.819486518155651,0.954801977420998,0.730829622498745,0.615177482130224,0.110563766966021,0,1,-0.79447931734782,0.049068897282967,0.598905022706506
148,191,0.47986511332866,0.741561256681166,0.801973706048196,0.644764406611807,0.425274037467509,0.557599215093839,0.588529397808697,0,0,-0.774009756338238,-0.0493291599480896,0.341058595913897
149,211,0.670279957012578,0.59505927221825,0.677894062574028,0.602941771331968,0.439763265560966,0.634130145611905,0.905180112531527,0,0,-0.739714301987046,-0.0573112062196632,0.298112906661944
150,222,0.932582989595136,0.491851999542442,0.639560683592509,0.769956311737972,0.743959992240504,0.569989767192055,0.374024569238215,0,0,-0.70665000682745,0.0350974871279294,0.475807561202814
151,273,0.888123600772747,0.641288154514699,0.966399112792131,0.803800002897397,0.611146041688296,0.551419972124327,0.549696477289674,1,0,-0.727233121614895,0.10164838552615,0.590610992473992
152,142,0.706501960992942,0.880740393723981,0.651526975805799,0.812981864982237,0.817402411251291,0.608453149714092,0.0419283295943045,0,1,-0.810215212068784,-0.0557697244949339,0.532559721018922
153,145,0.82285603473426,0.837922925123999,0.590389806137468,0.760540667702375,0.556526953723537,0.511976142158271,0.652692581895013,0,1,-0.848890948433888,-0.137889520417689,0.328567840319115
154,146,0.751048098174118,0.762101358165957,0.584589093429859,0.835098045886696,0.868449752507138,0.652842514380918,0.414605492380188,0,0,-0.785869503913071,-0.037133091726644,0.507686253507533
155,162,0.797576597347417,0.709602180055934,0.49040246160859,0.693774641347504,0.778519386935601,0.708825487142132,0.381073223008926,0,0,-0.762430857736968,-0.0867537849109329,0.381787823763229
156,199,0.861046570287896,0.640374379752178,0.596752213332604,0.643846140437081,0.464529286766963,0.68849504222694,0.738697901139933,0,0,-0.775124172461372,-0.100380128542868,0.277208880036001
157,143,0.787635617974856,0.772339194172562,0.586240964647152,0.967409048114029,0.406339583452356,0.750535451387957,0.121293148687455,0,0,-0.930677688636952,-0.15923869975734,0.238212909377431
158,171,0.486522087867068,0.561796322918843,0.745302032112504,0.821948585024938,0.726130181556554,0.63255305947233,0.584315010507336,0,0,-0.727135494937248,0.056746854551673,0.541186299892321
159,257,0.769107297666753,0.599933731079136,0.725179579024887,0.513621922015483,0.391267156648196,0.701135238392968,0.396009000905682,0,0,-0.713922652005788,-0.0503127705110027,0.283738951944403
160,259,0.73060639313043,0.698365084421226,0.878719512985908,0.498839452261895,0.685299755826972,0.775509550412117,0.628129058722,0,0,-0.644728758148821,0.0649930285648107,0.602186267689638
161,148,0.757015880749078,0.725014082650089,0.320679806401836,0.837144222257167,0.424028225494633,0.714364935042462,0.356707661055488,0,1,-0.920703528020849,-0.258657681700602,0.135977289260533
162,130,0.814548984358659,0.762395461648926,0.466729884981851,0.704572184313022,0.509639075817648,0.673130678596784,0.282568478308324,0,0,-0.842821976908074,-0.182627094173543,0.237863787238628
163,142,0.634180388867908,0.953838192138587,0.559423367136458,0.750330159666121,0.687559497103838,0.612634381014353,0.218164127052353,0,0,-0.855186268406029,-0.152026246360901,0.384636848976479
164,158,0.734240578023763,0.990153161624651,0.653511190690591,0.615945350814779,0.456648127786442,0.656968197658479,0.111523289204463,1,1,-0.854190787677797,-0.180835337415001,0.298424661716347
165,139,0.68149244932535,0.934576787387903,0.712718540594287,0.812716782745361,0.565840292426897,0.714427891868145,0.389527675320947,0,0,-0.867923815838874,-0.1097448061105,0.403284867427943
166,133,0.55976613261234,0.628559035843003,0.364578174708174,0.756103651408831,0.350673588328261,0.594529321922125,0.118267689859534,0,0,-0.875505707564089,-0.229585891553634,0.127847936751083
167,190,0.783288879173535,0.629095543235357,0.714160792092645,0.94927127578567,0.671817698280688,0.629801258155618,0.937729610880774,1,0,-0.804354450595294,0.00888477952569297,0.479785859545994
168,262,0.766475659881451,0.518178936141192,0.775840032472341,0.585458856835429,0.617704046950571,0.586385306773076,0.388621370239711,0,0,-0.656367996878606,0.0551324899700947,0.479239527844428
169,133,0.650389123798144,0.843556502259699,0.626919109166469,0.918346807072623,0.947479096622389,0.404877325473777,0.429992721688062,0,0,-0.810485589638286,-0.0219655196934534,0.593992751208359
170,133,0.687182275640589,0.971541386111457,0.495363538372932,0.744067593329611,0.794564331671958,0.740444884259542,0.256340090023138,0,0,-0.846844635477622,-0.158000678026399,0.393598198801945
171,176,0.535321554535426,0.51605148777944,0.627487321848577,0.772109458406514,0.744143836296446,0.394631936727253,0.292774760160084,0,0,-0.716236366711285,0.0226089931119452,0.466940822907783
172,145,0.576043183926455,0.837688721954359,0.61290301900118,0.728010705364436,0.665415094077466,0.702806969363947,0.303558080528789,0,0,-0.810707296349738,-0.0995839958917946,0.407834920049033
173,137,0.814287910936924,0.576503150845029,0.278778396833791,0.72750347275672,0.59336262067536,0.423489625832234,0.937032544247744,0,1,-0.815418649102171,-0.189375781482489,0.165416680132974
174,185,0.913882829567429,0.67440850300216,0.708569944226601,0.95676479808836,0.790584215579159,0.723993205344741,0.914365626855735,0,0,-0.794775314847184,0.0237652153983723,0.560184213539356
175,178,0.716238014235425,0.748927958429993,0.68671824916814,0.795660744070685,0.793085795819809,0.491861849432412,0.698235167285906,0,1,-0.766857826857373,-0.00737792987717066,0.5446264891455
176,144,0.75559662877118,0.92978203456595,0.77029201074201,0.87507236601629,0.326905867746858,0.459852007562582,0.558687000686752,0,0,-0.927575538941062,-0.144681891607239,0.251812978190089
177,142,0.72983952774498,0.625783804790621,0.389346967434797,0.846004027423089,0.681920758788497,0.586803478265003,0.775220141098569,0,1,-0.827863674305531,-0.131876352503256,0.265503779465137
178,193,0.752795909589178,0.761271452009959,0.908985613395566,0.903346225361779,0.523868548490978,0.625972989628425,0.727176817713869,0,0,-0.822017997371633,0.0179531697816283,0.476188973888716
179,145,0.866782840566872,0.738012034583157,0.439655732992391,0.693769665912484,0.394801802586956,0.634418252341583,0.249369134394439,0,0,-0.862312085762045,-0.217207957875847,0.173576875903085
180,185,0.784795424340026,0.635281229909149,0.6667778897577,0.840023046393612,0.669957833968261,0.612942645015279,0.547251000666166,1,0,-0.779920027076654,-0.0144892712741839,0.446713070759997
181,151,0.758483657185312,0.834849281644316,0.795401042385507,0.99919429382127,0.60958335299351,0.625068694525082,0.455859702229785,0,0,-0.875867504450909,-0.0321073434656989,0.484863234391891
182,213,0.895813950009625,0.584924892222653,0.526806875663706,0.593520620998773,0.147738099102028,0.561918813123713,0.39583347023486,0,0,-0.824654849316756,-0.197168516151946,0.0778294464044345
183,142,0.702041798204248,0.686946040223077,0.621647884908989,0.928974667845776,0.476016538528628,0.57219409987894,0.708960274237651,0,0,-0.8730690860072,-0.100136219747272,0.29591467435802
184,215,0.81181323053957,0.645633972650477,0.776682251578957,0.802997529434323,0.395838532680953,0.561228172954976,0.52349806274678,1,0,-0.809575894605362,-0.0397783345736909,0.307440762824353
185,295,0.913773216789146,0.843225414379429,0.992188441491339,0.578172648286177,0.620315544941599,0.549806896900421,0.486610117976742,0,0,-0.703523140704015,0.0556543258315496,0.615469913768456
186,196,0.870098510183387,0.846581453925973,0.692096476297217,0.674202867320104,0.359407251824394,0.544461899255129,0.0771559430914499,0,0,-0.847074879127409,-0.146357153817423,0.24874449254333
187,202,0.717297093371998,0.822763976286712,0.791142243162268,0.711690710950538,0.481749980782849,0.423439184695158,0.666878026517576,0,1,-0.807954613141769,-0.063561297291353,0.381132760439923
188,142,0.827592213094407,0.985690641411311,0.53820396520485,0.930034245817799,0.431738547655079,0.495277751149701,0.523644295538612,0,0,-0.981082514737663,-0.237218804268398,0.232363398279747
189,186,0.571490676476178,0.818758044708914,0.682968243773951,0.524395076184195,0.595483394687102,0.522623803446536,0.473870084080699,1,0,-0.741808537749565,-0.0809652470212662,0.406696248266
190,241,0.891640230749261,0.598919629466847,0.734426271508728,0.613451019739616,0.673666563853589,0.74302042989851,0.800058504228982,0,0,-0.683362732198157,0.0273120062720401,0.494758422731088
191,207,0.702014441770589,0.686567902317535,0.753054204429946,0.699376291892927,0.487890131559979,0.61340867656347,0.308326574173594,0,0,-0.771969416561047,-0.0385430312763363,0.367407714871122
192,174,0.53039653739171,0.675292416750675,0.687773663778712,0.656119740673051,0.624508408833974,0.705580588639794,0.497883741974887,0,0,-0.737498097948093,-0.0287961669193717,0.429520436404356
193,129,0.719954326545698,0.549957937198286,0.51015843489535,0.975940980586424,0.48865801886356,0.617780313221857,0.500823053125885,0,0,-0.868167538139231,-0.105820598029525,0.249293010102496
194,193,0.901519566739347,0.567134836925892,0.536865747686979,0.69294797631682,0.839113862480058,0.50395817241121,0.554861457914356,0,0,-0.70108233108238,-0.0081812105852955,0.450491491174865
195,210,0.756642521037375,0.577542585350511,0.662353207604131,0.69256862533977,0.647510545488245,0.506536088994409,0.104799740777868,0,0,-0.721943408313221,-0.00516771752358531,0.428880686761639
196,130,0.872670684822394,0.874003141853958,0.562633035319284,0.79475381535568,0.556507314952592,0.475825562608934,0.578671820307147,0,0,-0.875064428348813,-0.160921389123412,0.313109399789161
197,229,0.984656160456828,0.63989653668898,0.563637581660644,0.508865272165159,0.765380160114444,0.513763156218557,0.777594612095727,0,0,-0.672697463912924,-0.0369577849178891,0.431397022497942
198,188,0.500140139900791,0.552188461278749,0.745688557036482,0.801892706070567,0.592592444605107,0.475774923814267,0.66251403332476,0,0,-0.746685880332155,0.0251445224608718,0.441889404928304
199,225,0.855943032817139,0.910569409263046,0.814458030396984,0.584917883852702,0.561860231058536,0.660800896222842,0.348487169566328,0,0,-0.769753620431666,-0.058445825627067,0.45761157714633
200,160,0.560885514812565,0.620693108565178,0.547374583241495,0.613433248756409,0.521923102578768,0.663792455057035,0.900659259910828,0,0,-0.756602396047032,-0.101614375984152,0.285687440758161
201,210,0.667309451307233,0.668335163622521,0.886067544507097,0.816284860616036,0.558573923876347,0.568087768520195,0.9302168706702,0,1,-0.764910300765971,0.0443017293422009,0.494934225154809
202,128,0.674151235644803,0.862103151148853,0.527806510549452,0.794839306207645,0.35129788863134,0.522022093907501,0.181437886719242,0,0,-0.922425132055503,-0.226076365265852,0.185417312761898
203,210,0.85683113930693,0.716678924320523,0.827892715968719,0.844239277843424,0.528243462784981,0.551266566916926,0.754834475931423,0,0,-0.804601913874876,-0.00374128012758071,0.437328915097779
204,156,0.537655506848348,0.563053872141059,0.540026463822195,0.788037747265336,0.783553832727627,0.62242883671387,0.993174415794113,0,0,-0.742056787185507,-0.0199717252655089,0.423139805502228
205,148,0.786642365534699,0.615035163524342,0.444454948402506,0.877248447125447,0.599958847520523,0.514796646336025,0.620393475125785,0,0,-0.842461032107002,-0.125448518323,0.266654678618361
206,228,0.861569146997791,0.605299208435358,0.77605751266856,0.871651374650491,0.278965512735067,0.643572462310391,0.357628143891322,0,1,-0.845874727525894,-0.0584053676412843,0.216493281933485
207,137,0.614870575962217,0.77513007680029,0.539137507294508,0.850019026303525,0.684861088499799,0.420421731624548,0.161513381800306,0,0,-0.842231317049968,-0.108791218791468,0.369234300096785
208,201,0.92293292390102,0.708569816597634,0.70849988734307,0.843138877945266,0.448191186222428,0.48507170869794,0.981074164327113,0,0,-0.841284582775033,-0.0751563548558235,0.317543404946747
209,140,0.53111480554387,0.801791134475012,0.418975450516676,0.799878053055955,0.853977688733516,0.580394081191036,0.436156982942191,0,0,-0.819173638250091,-0.126251105498718,0.357795686868314
210,207,0.707386406949182,0.608895939470055,0.672065201912345,0.637286862770007,0.477951976368433,0.505528791628923,0.888780521125005,0,0,-0.747492937484999,-0.0541007873419729,0.321214891502455
211,217,0.96739357678919,0.856758802795549,0.781631875672657,0.733256452739111,0.973908024019936,0.624108266917624,0.384330018889849,0,0,-0.72008844789985,0.0497358612535943,0.761237555547354
212,138,0.767533998901303,0.806683952936726,0.510269639017382,0.601121991312905,0.548133242465256,0.576749435736675,0.340925323402875,0,0,-0.805334952426306,-0.166418639186238,0.279695751766173
213,139,0.842352022294327,0.595729500872532,0.29902094183479,0.574713541411065,0.706867439818992,0.642847952580416,0.443713187347739,0,0,-0.743195691166993,-0.15664861578629,0.211368167607022
214,136,0.686338269156168,0.820807881740292,0.534908806245172,0.937995695228148,0.385798714566944,0.616354688179758,0.876811846606024,0,0,-0.948497904495955,-0.201739495444877,0.206367129859926
215,164,0.801980168698007,0.751295209699884,0.537999750259873,0.640933793246298,0.516380241542319,0.700312654833553,0.923519621537882,0,0,-0.80457850843168,-0.145914925321643,0.277812440988901
216,248,0.844106568878661,0.680014142704001,0.913885189826587,0.789584924807361,0.452196021681386,0.508279102380624,0.515731776779313,0,0,-0.777294944741049,0.0256252328909898,0.41325524711312
217,148,0.717712099187731,0.654277298445449,0.524699753328579,0.765836228487174,0.680337975315511,0.513786016092931,0.395916950751563,0,0,-0.785206515013671,-0.0805724266819283,0.356973167828114
218,141,0.509606234125231,0.724145771231022,0.473826260933464,0.946596920802063,0.529555657629408,0.830832081581682,0.0953874212010166,0,0,-0.904822536630591,-0.162976349453361,0.250917377210704
219,229,0.595578595596607,0.622337448001312,0.895082941518865,0.791243033402025,0.754146873009749,0.752008088032662,0.47921553883621,0,0,-0.700294249924666,0.112641623158671,0.675024001430819
220,171,0.829593892124027,0.656866283472565,0.544214303833259,0.776696473036145,0.522167309935679,0.610179953553853,0.245323421359486,1,0,-0.819897000787178,-0.113673609341913,0.284170919061131
221,150,0.744946412886954,0.756082142546814,0.663802683969728,0.805044302005774,0.361596530276616,0.786028556668489,0.768144019691741,0,1,-0.869037311945455,-0.131549971140795,0.240028747311758
222,141,0.808394954114562,0.791333143926303,0.408289724483881,0.704826432546517,0.575084255916727,0.737384753557367,0.894631544493513,0,0,-0.847610698423224,-0.200207358006917,0.234800992403258
223,136,0.861598018283015,0.676125937330958,0.102343108379652,0.868490450338651,0.28020004098565,0.726078480655007,0.471286093684227,1,0,-0.9885792069956,-0.378499626340455,0.0286765431625775
224,131,0.772972034186131,0.825940170252171,0.476061419791389,0.941682418512212,0.436579540999693,0.593286607491218,0.836592020851418,0,0,-0.951036972950818,-0.216249168056402,0.207838676140187
225,135,0.76751902081241,0.7613880000285,0.482700004310914,0.913429574780257,0.495405388551533,0.530577133907019,0.387572892103555,0,0,-0.910137378145323,-0.178920971430974,0.239132183189475
226,144,0.721725869175787,0.945555774769512,0.68878153395419,0.744876584831658,0.876715425050224,0.525420715760049,0.613022296321453,0,0,-0.786507967217886,-0.0430392524205276,0.603865395307393
227,172,0.587439479060256,0.656180924297802,0.671635212723719,0.671399937721119,0.883364178536084,0.80300238884109,0.486177252754263,0,0,-0.684368219650987,0.0368046077057332,0.593298487963596
228,171,0.593404323165181,0.757081837141959,0.724148715618136,0.770023366151492,0.189426791010803,0.628828641221098,0.4330607304357,0,0,-0.883941601479503,-0.149662317505274,0.137173167414138
229,231,0.864342105381746,0.627863994940723,0.790055913331255,0.81207385247129,0.353822650295931,0.43249104542764,0.532696155909998,0,1,-0.814167919180185,-0.0394623128696006,0.279539677136837
230,149,0.717455572679107,0.834618535183873,0.643568348555346,0.968590739421972,0.516035382323663,0.476673078840055,0.465854625859769,0,1,-0.914095748091933,-0.123773348983007,0.332104038798167
231,170,0.686425481349609,0.832829539157632,0.677244078229482,0.719911554131401,0.50678260695476,0.615555461399937,0.282437886472542,0,1,-0.829033675468867,-0.110675152808294,0.34321551950981
232,169,0.723674759978136,0.612097496823169,0.618376100891993,0.818737257343622,0.359675540558496,0.580162993044674,0.637100805524606,0,0,-0.842388716438619,-0.109575480739703,0.222414758356782
233,148,0.787560640274873,0.830030799323247,0.504654235872492,0.752457159219644,0.583591099151834,0.642498155067059,0.272757150856025,1,0,-0.854092746351313,-0.166639180372342,0.294511720204457
234,210,0.770926885116192,0.642984663711743,0.840035855464098,0.887802814219956,0.742064590263891,0.684959244601932,0.65598673694692,0,0,-0.749973054094874,0.0789261143600914,0.623360862891943
235,138,0.545844686176771,0.719105491075863,0.5006644353383,0.634185695885714,0.462350859672279,0.634081182989207,0.233225241068608,0,0,-0.812014049130677,-0.166978321734865,0.231482632085999
236,183,0.672084258971224,0.511289650165223,0.5656990014828,0.664007560726792,0.800331009628994,0.58096902496935,0.387094190328816,0,0,-0.679297697317494,0.011125477180547,0.452746453002843
237,190,0.72541594530715,0.724189256437008,0.631217114825545,0.576266856010351,0.648984286981964,0.680507798066409,0.704462285412433,0,0,-0.730409618406607,-0.0620747653598435,0.409649989195869
238,141,0.521370999355188,0.766434667361937,0.64078342071459,0.839246310449946,0.684558833304658,0.49804070706585,0.448686221282299,0,0,-0.817642643340361,-0.0611172021180672,0.438653950885347
239,181,0.744948139572202,0.902655375883923,0.778512691517472,0.788103777086991,0.712752503976077,0.439794102724206,0.593896077532421,0,0,-0.807342903551734,-0.0329564141121916,0.554886870256234
240,141,0.716441296709667,0.655434196282349,0.54966221267222,0.81131171043148,0.519172944289289,0.493603940253342,0.275396802238688,0,0,-0.830322979692718,-0.111604311413597,0.285369749317601
241,179,0.551670698420182,0.768438035566099,0.776936293459465,0.688431367628407,0.678294033403814,0.685207028542007,0.361011310288072,0,1,-0.745686021095682,-0.00282261219216734,0.52699125218843
242,199,0.692096598960176,0.86182135269014,0.808767228934587,0.667349106357253,0.580344730838787,0.52220222291544,0.437391742817159,0,0,-0.77995511696872,-0.0417389243864655,0.469363799787274
243,204,0.794199614099352,0.710181440803877,0.710390405440475,0.736776056523346,0.644782657357642,0.622788425121345,0.235463984262723,0,0,-0.764675708510267,-0.0238254836904379,0.458047413381282
244,168,0.588750975963824,0.812694596609952,0.7014516944144,0.740252217196852,0.438050540655903,0.653350155208584,0.735607955745802,0,0,-0.840364175353193,-0.111769727974648,0.307271293982228
245,245,0.676214657635399,0.643209392740149,0.923607024895821,0.701053730041315,0.408796204903265,0.54955612731368,0.555807691387913,0,0,-0.746053326658381,0.0295993552278339,0.377567046599407
246,127,0.627487524473374,0.863330508289835,0.491957827661363,0.972464574390029,0.436137008089392,0.787259717514067,0.548598099142386,0,0,-0.968496817941843,-0.220377447324318,0.214561015062384
247,195,0.691693805208208,0.724349345962699,0.825397024881963,0.935167892353409,0.826124568766103,0.489643543010433,0.22109905061979,0,0,-0.772404703160633,0.0701052411942479,0.681880761241437
248,146,0.887215933891561,0.799129782991447,0.335122392378474,0.786370364473592,0.651146503061879,0.555595544749069,0.519602798720215,0,0,-0.873239907636669,-0.215316445702102,0.218213773894974
249,189,0.70162303801571,0.630697479637814,0.709537089703641,0.714501982530983,0.69369961100192,0.79518391127548,0.230876602680308,0,0,-0.72509010209478,0.0120282413464675,0.492205603118851
250,147,0.96021122883271,0.715991898521654,0.440850938263625,0.705522773874146,0.219776934095889,0.54317533017988,0.0914383493926806,0,0,-0.897488370588321,-0.255529088531056,0.0968888676048756
251,196,0.816165911961884,0.629493251022505,0.695948408873256,0.803041093971873,0.63290849686161,0.586440402086382,0.594528660604031,0,0,-0.768963717373428,-0.00941502309887766,0.440471661353201
252,195,0.814068279568897,0.535576568535211,0.665659333596994,0.832033522999506,0.738052307424041,0.688041471181237,0.509550810263393,0,0,-0.735268275531122,0.0322098372907603,0.491291407119611
253,161,0.809959763309458,0.770670754709565,0.503933998265699,0.654008785506474,0.478504344785776,0.49813059088604,0.427242317109481,0,0,-0.828615219603367,-0.176615838703249,0.241134607655404
254,230,0.715841347053215,0.677692863595606,0.853490301671185,0.728735380515337,0.654190303399473,0.745497944974546,0.28979636679247,0,0,-0.724636410275325,0.0518397346328029,0.55834507939878
255,203,0.657024032096275,0.601469594527599,0.755798543442928,0.794521500330122,0.700222504305905,0.43325798699572,0.348024882534809,0,0,-0.732903178874331,0.0429401220457661,0.529227148840363
256,148,0.814009899782898,0.65801529766433,0.483612521603329,0.767554047023098,0.658042148462019,0.476592400353021,0.733909605401825,0,0,-0.799184153965151,-0.105721373438539,0.318237422738989
257,209,0.830837847207877,0.74847302699148,0.78913101471448,0.744863142797866,0.542911719359407,0.647550551469517,0.607843356423484,0,0,-0.785296988261483,-0.0265862964386012,0.428428475998472
258,144,0.802603045023254,0.761767361059899,0.562958731026758,0.823027300008051,0.614774602017967,0.530379776931721,0.0940613631291454,0,0,-0.840508255364225,-0.112415255630827,0.346092729819515
259,191,0.73440651504532,0.68725371755183,0.638850613616031,0.60801232715289,0.460310051818907,0.556961507155435,0.707199603938527,0,0,-0.769665810727486,-0.0966537783070342,0.294069359058135
260,242,0.968386840998334,0.692440588361335,0.67600308939754,0.616468760477449,0.63503826847391,0.615040044325014,0.481401524336916,0,1,-0.729341565063465,-0.036378509437142,0.429287831374027
261,139,0.710201724841563,0.64027036642299,0.493042304962867,0.786078212418019,0.617999380049457,0.628000465424656,0.715628941287998,0,1,-0.807138616556084,-0.106654059684567,0.304699838805207
262,170,0.754937417683519,0.705936889018051,0.711478731879504,0.886948950980271,0.549875376004021,0.509207351008162,0.885490297818292,0,0,-0.832258337327696,-0.0466897295393415,0.391224635211106
263,164,0.891599702108031,0.889054207059505,0.716376979881458,0.8703617910314,0.622468964577307,0.648766435118041,0.52985786722324,0,1,-0.861068985785703,-0.0799491535502738,0.445922436913829
264,176,0.680743127856359,0.772316664480957,0.69028460680261,0.731335749757395,0.768893151074383,0.490066479331581,0.119679906994627,0,0,-0.757105097059844,-0.0189950361739132,0.5307551064626
265,255,0.830296018535561,0.656859217243392,0.882682427817097,0.778402295204973,0.560466469412614,0.665941724215796,0.71415220264429,0,0,-0.749710683140058,0.0466881733980119,0.494713903931203
266,160,0.800907266540905,0.861632245308614,0.577899489716934,0.637693169466569,0.785597495639391,0.645864991330825,0.311360938983301,0,0,-0.768735048596897,-0.0910770969033318,0.453996391852906
267,209,0.895241671663991,0.738191568510917,0.786888559588198,0.793399126021688,0.525487522092655,0.590337860534406,0.714189446591527,0,1,-0.80229756700456,-0.0290539695696434,0.413500119341061
268,255,0.648285001983812,0.692437756049318,0.96345610014489,0.663187508850484,0.71764072955777,0.558364143088574,0.821259352676534,0,1,-0.67357498275693,0.112794676305501,0.691415338604863
269,140,0.565044360321398,0.632339931750611,0.367346203377906,0.590232439164835,0.168282113478915,0.441731106247875,0.352797958432611,0,0,-0.86173686099589,-0.27676260070806,0.0618177954828892
270,139,0.679948870341292,0.795514258839892,0.466057181431358,0.649843204773037,0.448888973562397,0.556497133315457,0.143389484419079,0,0,-0.8475204946508,-0.20848907698541,0.209207929794106
271,174,0.685505593524798,0.777938452963175,0.691443590846271,0.708697265145286,0.557085996605589,0.616948818404019,0.268114536532793,0,0,-0.796753964288533,-0.0750586132337415,0.385193541903142
272,263,0.761047592466265,0.461070867557593,0.718273790142363,0.525645256261944,0.451892844363854,0.546552130531203,0.277404939045313,0,0,-0.66756985684208,0.00348031302942922,0.324582786059438
273,142,0.666561931960839,0.644570373445818,0.398627803018319,0.747007716970534,0.64827821921537,0.634297063218724,0.502104029160746,0,0,-0.806615385741091,-0.142040067290338,0.258421722270451
274,144,0.780666060144278,0.648880413502187,0.398131115721751,0.820239134566162,0.282078394107173,0.743558153177809,0.851887699710226,0,0,-0.910433820965651,-0.238478561503936,0.112304185766889
275,225,0.592233352612377,0.461348252272083,0.651533695355591,0.540874968428466,0.340426308737897,0.686739596388968,0.42383526536767,0,0,-0.708896464789195,-0.0551628708423814,0.221799210928265
276,139,0.673509598112824,0.843234806112736,0.665489730259601,0.855155221639955,0.695906921506428,0.654206971203417,0.362644306698954,0,0,-0.837044807696356,-0.0699501198237662,0.463118909479102
277,166,0.728789730855676,0.872110238561252,0.63975610495562,0.598418243891249,0.425833808687563,0.566884241083977,0.721073549362562,0,0,-0.825015705149622,-0.159961925489246,0.272429778804372
278,133,0.650711471254114,0.889864004970254,0.564739508016446,0.762099327548218,0.667346946849417,0.523878587824116,0.543299526267325,0,1,-0.844644717167507,-0.135948493171065,0.376877186440017
279,161,0.710017611169744,0.793929515441832,0.593207637155433,0.66612918638887,0.705958846907508,0.432922081793767,0.772780354489125,0,0,-0.773500441377676,-0.0848604647895149,0.418780179502977
280,226,0.732056204481265,0.596031902811262,0.801377055067548,0.760663995987911,0.93028892877879,0.69329067355089,0.489822831118734,0,0,-0.662491515425157,0.124455257028593,0.745512202106691
281,233,0.76906770933932,0.567739311067422,0.648607333258939,0.611253612954637,0.7739315176699,0.674496746059969,0.271123060518537,1,0,-0.668266218842694,0.0244034864539701,0.501977657800917
282,184,0.601454188077218,0.794783657966783,0.783134927333823,0.703534025132841,0.516927115338723,0.605908849725104,0.935355129479162,0,0,-0.791472640437596,-0.0497096417910121,0.404823678907674
283,149,0.404536234461872,0.816860622891301,0.771147511821412,0.812385376825005,0.683949893105177,0.796975642134021,0.204418945010015,0,0,-0.798992545846755,-0.0182765033161936,0.527426258278578
284,131,0.600264450069411,0.848474867687392,0.498797888970305,0.651514615528105,0.669342488276376,0.436471746622082,0.719635480969696,0,1,-0.809199769860775,-0.152475068737809,0.333866620150387
285,200,0.853157106639224,0.965270591707483,0.882915397400164,0.7891705109952,0.553546219806531,0.535310017035882,0.0979904379404734,0,1,-0.840043377469854,-0.0463835713411918,0.488734480639842
286,225,0.882222088676658,0.533876433413183,0.73184222227855,0.814722175006271,0.705727802348328,0.518093525528339,0.460061884346064,0,1,-0.723948393482305,0.0537477709805714,0.516481403194358
287,284,0.873478479112338,0.423600125187861,0.886919765843071,0.86739890831435,0.324245648539445,0.579490131440694,0.56052285975866,0,0,-0.763964662435596,0.0564428047551881,0.28757987467824
288,224,0.712994571996643,0.527542706300858,0.609941936282028,0.533748688960095,0.908055818747658,0.656088835374301,0.666879545891002,0,1,-0.610344715134244,0.0539019376374476,0.553861324339109
289,198,0.760834340403084,0.679862695680143,0.686910005768903,0.658794795663342,0.845622316936417,0.602676394447684,0.56637824797098,0,0,-0.692162872689786,0.0267916563829854,0.580866430605107
290,143,0.544683192836815,0.805511303670488,0.630604254893823,0.73385787602993,0.35361376745085,0.503474226216314,0.4503849894841,0,0,-0.867575000917839,-0.163020111054892,0.222990346343541
291,192,0.687887696782762,0.775806553321146,0.794667070220936,0.872620079148045,0.382339158690741,0.670616897416003,0.464511142820949,0,0,-0.867704408577969,-0.0738545730771389,0.303832339067509
292,171,0.96705754005989,0.858403937221059,0.728692332577263,0.956412697407365,0.78880273879236,0.612969202675778,0.577330222805473,0,0,-0.842282941254054,-0.0222705309368443,0.574794507673938
293,180,0.866376729302354,0.859518960212256,0.706552820343046,0.777498067764877,0.593976411628749,0.4814879247504,0.476883516063174,1,0,-0.830838416922523,-0.0829512205992686,0.419675708853535
294,147,0.597651374605851,0.76301149253067,0.435497345984172,0.844466046202357,0.951231906173193,0.518996724940567,0.258943136648617,0,1,-0.79884275380872,-0.0822037201934422,0.414258970553891
295,200,0.925729808945116,0.886674821527321,0.699102406038397,0.606011234933176,0.45798534649173,0.405811094597433,0.26903819748142,0,1,-0.813620907657592,-0.12956563978947,0.320178657662698
296,162,0.87480010912541,0.747783320048421,0.600181400905172,0.837513435704784,0.758206338351998,0.681086158643364,0.335810740479604,0,0,-0.803551020967415,-0.0545424215207893,0.455061342327283
297,172,0.772590879707656,0.714837969846258,0.627587593738653,0.793443249503078,0.629986924459768,0.729065513305883,0.286407761476952,1,0,-0.802746517376872,-0.0658423763958462,0.395371978008521
298,157,0.532728148396459,0.737300814758172,0.636710972707105,0.603187774023071,0.667174719595336,0.522030115442713,0.495470266918852,1,2,-0.737805848820179,-0.0588019188301024,0.424797464679136
299,256,0.718117684914199,0.679274075122728,0.832223548898304,0.521045581557039,0.743492653246225,0.657829221503353,0.676016650274873,0,0,-0.642666320502771,0.0650717984637555,0.61875209446439
300,249,0.692819869075171,0.612319623422193,0.766421246542052,0.545028676322412,0.547706773279107,0.773418330959958,0.295057818228945,0,0,-0.686190855999354,0.00490538459558625,0.419774107916099
301,139,0.85809152632951,0.652460521659031,0.320931665050291,0.647641109388811,0.420274000371624,0.514014445566888,0.372614044332088,1,0,-0.840149795403405,-0.238021710743236,0.134879234716612
302,173,0.658734926530419,0.627034181965994,0.658679317120823,0.734807227249785,0.693271607498502,0.798858508565815,0.122928046312774,0,0,-0.740117119033915,-0.0096007554736505,0.456643669006368
303,172,0.670363466071999,0.373847924071976,0.379371389622773,0.606696924326369,0.932522906034321,0.44085953850665,0.653730729556764,0,0,-0.628648010526085,0.00330865278287823,0.353772510717307
304,144,0.519397124087198,0.699954054840591,0.503783156778614,0.749481282751187,0.251963159053354,0.421645075557366,0.792999716541519,0,0,-0.888698427951004,-0.214462683111403,0.126934795659811
305,248,0.750368550343308,0.58740090640831,0.840206839413285,0.745246664477388,0.600916373772246,0.549449421372818,0.82949496164919,1,0,-0.718893614824675,0.0588773865962465,0.504894047158871
306,176,0.772393322094261,0.690637010928592,0.429836818810033,0.434011637552711,0.662183234735607,0.556026824028618,0.637748375095827,0,0,-0.709493899589272,-0.138213763650337,0.28463073508809
307,188,0.74405048435199,0.738302672181819,0.605340565794947,0.526110138882048,0.858716074829435,0.685737162797072,0.596643498822225,0,0,-0.677717679671451,-0.0233822986707091,0.519815674594466
308,182,0.880610682801784,0.735716854191802,0.53095029995784,0.664356210570369,0.449879543253761,0.691360389026719,0.805007885189948,0,0,-0.823456409113591,-0.161673127083852,0.238863678435481
309,227,0.738125785598514,0.650862097627252,0.898391524360538,0.797700861456722,0.586150692904982,0.623474559246768,0.621030371054557,0,0,-0.745852736229008,0.0621057911719745,0.526592814503892
310,196,0.693064684953483,0.664616507245424,0.821339604119288,0.857946218918619,0.48107613287146,0.522505176533563,0.194216280272273,0,1,-0.805981947970411,-0.00345643994191565,0.395126880523883
311,231,0.768266430991767,0.690580560522677,0.900782282036403,0.811251792123268,0.844664024454439,0.606380106195947,0.557075873970185,0,0,-0.705108523033813,0.118421891534685,0.760858387502121
312,175,0.792689515218745,0.799859592602205,0.688098835840738,0.751196126533964,0.353514938421972,0.587028047204317,0.857396330399182,0,0,-0.861018402400869,-0.135818005250925,0.243253217580469
313,142,0.812697414991338,0.999139259166296,0.65075768540522,0.686741910947162,0.46180764305755,0.675990055785976,0.755112254787579,0,1,-0.878949039495621,-0.183384012854255,0.300524872898571
314,130,0.676090477293185,0.785210162849626,0.372750985859822,0.73620564255387,0.676124189441996,0.71476655633305,0.070093370758053,0,0,-0.840851552960288,-0.187992598014266,0.252025958178177
315,137,0.756494397272952,0.859124137519489,0.538711592835074,0.904845978415241,0.640046259894294,0.400468786998396,0.654647352416017,0,0,-0.892935588761998,-0.14548630247685,0.344800340155787
316,180,0.831668931977037,0.612451608263511,0.514827465430078,0.594060673548485,0.623803463608551,0.647635214055316,0.583233142708397,1,0,-0.732126538732011,-0.0872244087291591,0.321151156096094
317,176,0.667352162390189,0.653096855223807,0.633619837114853,0.690803126072012,0.642042351474395,0.498627690803271,0.735696898478196,0,0,-0.748778124238785,-0.0417422346700541,0.406810770162043
318,249,0.621213361393491,0.462519685741928,0.840731754520638,0.714477430708263,0.440657372057993,0.654333875484011,0.273054756363977,0,0,-0.708790709617979,0.0545638952858585,0.37047464555277
319,197,0.780344349360338,0.833993219166753,0.784822231814826,0.708211793232981,0.377665007097033,0.540047694134248,0.130515566681364,0,0,-0.83352536495012,-0.0966823674769215,0.296399893748256
320,174,0.694122861394342,0.785454995326415,0.661307831098977,0.639784403579744,0.54082529030205,0.693717852957516,0.167788664414395,0,0,-0.785637143902056,-0.0948951465670093,0.357651999733123
321,136,0.538167461116397,0.674820773101376,0.349695390599637,0.902694371594285,0.421262707847727,0.58601092186381,0.563081308050825,0,0,-0.923220509572937,-0.231606760840047,0.147313627165872
322,163,0.884690187815288,0.736787456452859,0.50913491917583,0.67182925562379,0.612212387889267,0.553180019278153,0.336768984389931,0,0,-0.795230709595252,-0.129599774306965,0.311698704626444
323,187,0.836258864818303,0.658324836259876,0.487433217363036,0.550302281092995,0.627201964952022,0.769388626175711,0.822178445355085,0,0,-0.735017982122245,-0.112110604705867,0.305719071712982
324,163,0.913665185984126,0.983634003508323,0.754871345639867,0.945732809061654,0.415599435783564,0.622595085838394,0.874750409140916,0,1,-0.949060812381481,-0.144497030737157,0.313724105337108
325,139,0.706686820134209,0.633364769253406,0.495813313400418,0.738075824582444,0.405287711017466,0.511495900055604,0.359063876802574,0,0,-0.835021083811432,-0.158523867262962,0.200947042880041
326,174,0.785017895296395,0.778184021728097,0.664478096607203,0.787756397750515,0.703626566168917,0.566391619920806,0.645068864566797,0,1,-0.795779810126389,-0.0491240389391082,0.467544441410184
327,147,0.889136822670439,0.813798318352385,0.491835672235156,0.853590477333048,0.861941359813353,0.605292334076762,0.407220876468953,0,0,-0.82468557923274,-0.0953618133816199,0.423933508131085
328,250,0.841753244922994,0.455145659771567,0.760167928142586,0.742300330151836,0.672136472083235,0.668006548531371,0.48155297371454,0,1,-0.680753893264622,0.0809557468193015,0.51093658941258
329,201,0.466061551696786,0.503410502846965,0.698516586895243,0.690491099935832,0.518336853313398,0.652353544081908,0.230333235141723,0,0,-0.721889033242575,-0.000619518771815685,0.362066889638495
330,231,0.921667619348306,0.722400458725219,0.730732333344064,0.662404410211045,0.656931719366539,0.562755336755366,0.180720970716964,0,0,-0.73765952000347,-0.0152553197817486,0.480041248140439
331,136,0.572411054538121,0.847398355032342,0.687555150739448,0.910256770068467,0.476097047079284,0.585389352865049,0.388536996802328,0,0,-0.899269878369794,-0.118364655623347,0.327342976971203
332,195,0.794105805282706,0.566826932357215,0.573765009009333,0.694748814104883,0.489944956918547,0.511070089400434,0.826370898207974,0,0,-0.769972313440935,-0.0822155797154036,0.281113272620447
333,136,0.951283739736978,0.713482649682717,0.466791056430636,0.94477930865878,0.455501647928532,0.603624199678882,0.998334468444544,1,0,-0.91853134504548,-0.182142851288681,0.212624095442455
334,177,0.72147232329549,0.717883176240014,0.566216989681428,0.625344150139597,0.487985689393534,0.514671259516313,0.247350707313304,0,0,-0.791195704577926,-0.130835618814379,0.276305788056023
335,162,0.553758921383315,0.792938442760179,0.804673504345327,0.890588965704658,0.653764520441488,0.722248731859494,0.391258719943265,0,0,-0.817945767863943,-0.0041138461795217,0.526066987680295
336,159,0.673217432254924,0.975399220913415,0.837433416359466,0.967858160616459,0.417821012169464,0.559762147910038,0.470860420191842,0,0,-0.938207879733862,-0.104786877252129,0.349897277647844
337,165,0.606365621098192,0.69027371563171,0.61796454437432,0.689466962899961,0.624394574941439,0.586369950785621,0.699930019529546,0,0,-0.76533283877843,-0.0642908580730284,0.385853709013484
338,157,0.771775986503914,0.775758424840302,0.491383204691308,0.608215286505685,0.599716733222757,0.504837581374835,0.328244695299063,0,0,-0.791439076035854,-0.152275992958053,0.294690730278
339,155,0.734033060321311,0.848546373302089,0.590441590876858,0.650437616346034,0.607375557447303,0.549141968590359,0.396218316864646,0,0,-0.805299504121843,-0.127831221991233,0.358619790398904
340,144,0.631780694149861,0.68328771321027,0.339455050828187,0.910715103096754,0.542060581898808,0.492685583858886,0.513231688342692,0,0,-0.904029034558387,-0.207348778609343,0.184005202380416
341,143,0.813309677337985,0.728576222267072,0.161811634891972,0.578198763850007,0.614743902633616,0.669313715761723,0.082734707278814,0,0,-0.826282950555125,-0.28087640151843,0.0994727159250165
342,192,0.635276959459036,0.745492063719002,0.668422222144144,0.63538021393968,0.339757388587011,0.660891265293597,0.101537780079816,0,0,-0.815141100518884,-0.132021041626416,0.227101388669221
343,151,0.428691703794128,0.642480664841707,0.631122681633979,0.692418464398317,0.546525623329067,0.684985937827516,0.199052487154103,1,0,-0.767393981743088,-0.0644701398452753,0.344924716977123
344,145,0.525708025103225,0.908378236743758,0.585057555029065,0.926263715791934,0.841050083172677,0.571752622387159,0.304361064216111,0,0,-0.861645453357723,-0.0873698019034273,0.492062705317999
345,188,0.536306651422886,0.574744028153277,0.673736603723578,0.649211085938478,0.881931373211367,0.605539994161915,0.726707199801797,0,0,-0.654568412951153,0.0614965419235664,0.594189448104698
346,147,0.612089013794838,0.746295767362516,0.615928026422656,0.759697046757145,0.666191079677362,0.549222458191386,0.0622555477055353,0,0,-0.794910005567237,-0.070958972743953,0.410325756926055
347,216,0.786397943257755,0.816147880075666,0.803886875117934,0.658432866704208,0.629331102492577,0.624443676382299,0.30450899789919,0,0,-0.754776524705216,-0.0176749193237808,0.505911013397282
348,157,0.603893168546556,0.530465929109198,0.592257069640931,0.856117191526696,0.767741167797396,0.537723788090556,0.305398668566081,0,0,-0.748790562479561,0.00879798434812425,0.454700134282392
349,139,0.881927883678068,0.794263232487274,0.489460946380259,0.963867742417468,0.211127162655183,0.713722476337061,0.864141827171654,0,0,-0.995517679104647,-0.259358680175882,0.103338500839785
350,165,0.759900436952111,0.862026133735983,0.803270694488548,0.976152126350806,0.697173068586442,0.641044915276026,0.518040701334022,0,0,-0.855630673331413,-0.0139536761451923,0.560018694982143
351,159,0.846674434389193,0.815555413723603,0.55064592731234,0.669580301776645,0.705383327711953,0.774228509812433,0.587273606581782,0,0,-0.788585631824907,-0.110333662520632,0.388416456598613
352,219,0.82644178059716,0.636580425183696,0.768947442581509,0.739389550408312,0.452739754822382,0.552227219445073,0.234584234140824,0,0,-0.775690805129071,-0.0257813261753626,0.34813307662565
353,177,0.774201805067712,0.793025898359183,0.713079950525164,0.751436169258922,0.178881604726378,0.627360862826882,0.0971259559637427,0,0,-0.892204982345098,-0.167965798055068,0.127556885848148
354,198,0.760943640224549,0.595920261798934,0.580628843602097,0.700876429306461,0.662506363251551,0.434131729700897,0.865840694992897,0,0,-0.741574377216456,-0.0430470899409426,0.384670303573779
355,136,0.742208861420559,0.873780946516748,0.603821070235499,0.895172890284485,0.592399228131611,0.62081142002487,0.777163351116347,0,0,-0.892111472255494,-0.133244449347656,0.357703135937113
356,142,0.58505549780193,0.681134774696256,0.453731741859335,0.879663944976555,0.449714668719077,0.609042829792736,0.646317871909687,0,0,-0.892193577302479,-0.179862763489796,0.204049819977601
357,151,0.718990614752222,0.801225197057068,0.375481753195859,0.393076989238245,0.38825324999012,0.735938679158621,0.844301238123087,1,0,-0.795928365889514,-0.266157325487978,0.14578201099028
358,141,0.733370835820427,0.596207510770658,0.438145306079737,0.982829654979953,0.439473427480507,0.553820193153366,0.424397566647859,0,1,-0.907089019857952,-0.164281571142403,0.192553219397358
359,130,0.777007505442873,0.655787055359014,0.422155830119252,0.703323505476519,0.710301938844941,0.512052882282555,0.864810895292435,1,0,-0.777905592403215,-0.118826404056537,0.2998581046284
360,138,0.612119100590533,0.645052822948041,0.359587898209407,0.686401136454301,0.659877229364892,0.487727882933479,0.914552827561747,1,0,-0.791877518292057,-0.156526933315452,0.237283865983569
361,128,0.586460373568066,0.635408048436564,0.389077982354796,0.713876905212702,0.643967948345023,0.689460617859268,0.0177073214554048,0,0,-0.796065735634416,-0.14468714669703,0.250553750043239
362,154,0.679478604310046,0.68411772021091,0.571272940707277,0.749277210798416,0.850214870948608,0.506855211618382,0.282846008674864,0,0,-0.742933183212235,-0.0246726806133221,0.485704749559869
363,199,0.850025784165473,0.809926218034443,0.633625456810528,0.621371682483889,0.617777596907253,0.571404282343311,0.0635704969200778,0,0,-0.775001314128519,-0.0944985586740162,0.391439612047668
364,134,0.67141582697165,0.876076347390231,0.491417395775622,0.769885522251393,0.493813803618504,0.631037180275904,0.140449475328462,0,0,-0.894254895697491,-0.209440940906847,0.24266869337226
365,243,0.681406253576896,0.540859031273864,0.77503380500118,0.733546436460219,0.634711078826061,0.775887236370177,0.384866047268382,0,0,-0.706978107154079,0.0524633689483584,0.491922542498966
366,221,0.815876596939841,0.694004425667524,0.636470457789868,0.535441848047384,0.516791596799584,0.670001322881733,0.100608070810999,0,1,-0.736363548035968,-0.0850684716394332,0.328922584196988
367,218,0.911744430125497,0.780385639011333,0.807108705376562,0.786791354442575,0.284798596883662,0.663444276238093,0.295151274347974,0,0,-0.859955001917047,-0.0949700173846771,0.229863426823834
368,227,0.598811853298488,0.489014904366756,0.700286240322544,0.545952503882345,0.805589573879674,0.539432047994072,0.437487936849628,0,0,-0.609008952952998,0.0789052839294148,0.564143293935237
369,134,0.802526891169027,0.604579761641727,0.224659567804687,0.659991141389903,0.785172738165826,0.656074923178888,0.511937308834468,0,0,-0.770060254319404,-0.172019041196918,0.176396568008357
370,156,0.639211222089131,0.732562363614015,0.597220986786427,0.65228766753001,0.597282659981893,0.577768067511038,0.674708397102434,0,0,-0.774700838184598,-0.0930692017630276,0.356709739584808
371,219,0.71900450865507,0.739186990943498,0.775011769448048,0.640746388735612,0.394056681362605,0.580227019889354,0.0372194052716002,0,1,-0.783755465045812,-0.0687021453567842,0.305398565885658
372,167,0.866198629746121,0.839821995406482,0.418720083595145,0.417193196412249,0.39028743869056,0.5115667837887,0.00370457570591687,0,0,-0.80598750611022,-0.257848995899118,0.163421188954646
373,158,0.588968253362459,0.73098188089566,0.658182515797206,0.758579416478412,0.485646496799253,0.559106567854974,0.474786000917728,0,0,-0.821393853190962,-0.0944496066668163,0.319644033051432
374,231,0.72357654189634,0.417433633439437,0.709544833464107,0.784468580437079,0.674347475423594,0.596751022835806,0.60595840207033,0,0,-0.69280373743983,0.070203750445146,0.478479767146375
375,201,0.686300914587118,0.642270862883795,0.775135225685075,0.817008261802306,0.635304831121418,0.577852242865547,0.0853709232793518,0,0,-0.761879364397477,0.0226144304814988,0.492447153650119
376,147,0.745057433536981,0.705118089344589,0.359313114883446,0.868449794570974,0.685201955851751,0.603236854564759,0.379099281730569,0,0,-0.861922869748726,-0.167880505377522,0.246202049081322
377,169,0.694471379870353,0.605490289161969,0.594976890266564,0.810083998915225,0.564609123600962,0.826153115022284,0.102582173475569,0,1,-0.797943673361891,-0.0648865098107503,0.33592938057623
378,214,0.851493938204918,0.627354270976011,0.617316040879031,0.609463182395539,0.638184319949344,0.485730880733129,0.242274303469532,0,1,-0.71921124212362,-0.0423611643560853,0.393961417742206
379,151,0.636706026657262,0.721710558152236,0.613838834404854,0.703965936731074,0.57332948949751,0.49546614198031,0.029524391781439,0,0,-0.790483013111837,-0.0886782231806318,0.351931905563082
380,211,0.673654346853739,0.695544919967818,0.630594779557274,0.500960792086529,0.693961745094016,0.718845418202227,0.405613593749578,0,1,-0.688575129342066,-0.0422033255332273,0.437608653668742
381,173,0.713728007574398,0.581713705377071,0.615132132911697,0.837121234662794,0.507770864425606,0.583271907755789,0.308334724765163,0,0,-0.808615614273955,-0.0636195554480355,0.312346174864539
382,153,0.721694507370429,0.806334032049799,0.496061772203243,0.597990669600868,0.458307445947261,0.677791028082996,0.628382209722966,0,0,-0.826196478904832,-0.195917735864024,0.22734880385054
383,252,0.708338105959526,0.650542892664195,0.844355215028497,0.568221805541956,0.718178766773415,0.500522812490876,0.22032683526323,0,0,-0.653164071833335,0.0724137335719375,0.606397987047868
384,139,0.640665107627172,0.864148922618994,0.45972535788949,0.817409367288962,0.436793035442843,0.572875410515043,0.497618765428065,0,1,-0.924438008143637,-0.234775401414006,0.200804834542598
385,136,0.903847844555685,0.771424628601409,0.516673332597843,0.884492561336934,0.436264457323014,0.480704278170817,0.66241927295759,0,1,-0.910033918603149,-0.182128364310225,0.225406211059071
386,200,0.81963515696184,0.696530907774562,0.839622736996168,0.973865624584632,0.645588485084851,0.593835063125352,0.589500561019146,0,1,-0.813461889555037,0.0378646287907957,0.542050770820153
387,267,0.709261376149783,0.641692494907004,0.91755028546359,0.64403585634575,0.480416221010697,0.518975372703405,0.268480588886685,0,0,-0.712904421105753,0.0459250745697009,0.440806040729704
388,147,0.774138971193408,0.781035359974766,0.349111958451004,0.467450843667665,0.450779530338841,0.524989165088845,0.360945747213109,0,0,-0.805766881083245,-0.255684543185711,0.157372524666216
389,226,0.89125400929533,0.797593677905216,0.81939302859585,0.713337641670771,0.460240749046119,0.295414017147971,0.994181269966919,0,1,-0.800933689962834,-0.049123993954396,0.377118061244122
390,172,0.670423419261427,0.605652809221149,0.427426757210119,0.465697493230932,0.567725026311397,0.532905223647404,0.548223958027652,0,1,-0.716986561060758,-0.138593563076592,0.24266086698331
391,136,0.709943971116259,0.902328218243835,0.582875273437513,0.91593276846628,0.61213185831282,0.70311098750084,0.299002546305302,0,1,-0.906340719516173,-0.145896276167066,0.356796524293898
392,139,0.868670059756041,0.881970894620502,0.615589204339099,0.772390014350618,0.825437918485714,0.516776040187574,0.28104552494503,0,0,-0.802345616825582,-0.0700233805738827,0.508130671471943
393,139,0.861778516785079,0.9184249713572,0.601561674499554,0.790379853197844,0.599364926200376,0.695007673420544,0.544238913899149,0,0,-0.869535036012068,-0.145670562720753,0.3605549686414
394,199,0.866319664204702,0.466151468448313,0.573287162144919,0.750782663471085,0.522768825378261,0.637862828277201,0.818381709682185,0,0,-0.753214659445042,-0.0440882971925795,0.299696656358936
395,169,0.710239505491311,0.683278258301439,0.601448405033225,0.793861719794079,0.668770749559077,0.562210156605355,0.462182346218672,1,0,-0.79061436016732,-0.0580537021888619,0.402231100655181
396,252,0.865724348501105,0.749100015416115,0.867512007370612,0.574847545738458,0.811227997506509,0.510224613786521,0.341991618801432,0,0,-0.658280964376296,0.0776274054690364,0.703750028552113
397,162,0.611562153795895,0.502457686835566,0.613809826693667,0.876607863577372,0.413503180267462,0.640412975345287,0.112682427475044,0,0,-0.819972939293793,-0.0651637523143812,0.253812315417251
398,195,0.823937740516337,0.714852810174942,0.754574736584297,0.865666128955784,0.446024268479827,0.482593062273317,0.684993384030027,0,0,-0.842263118361404,-0.0571020652973772,0.336558644898369
399,153,0.720207315988177,0.691355554569947,0.627983887142764,0.85193809327897,0.561485116210555,0.664897601035352,0.705758916596635,0,0,-0.829823102591638,-0.0764682213841675,0.352603605850711
400,249,0.913421271727836,0.793769215640959,0.913891494310261,0.763471352259198,0.384813800067514,0.643089584367508,0.563460430398708,0,0,-0.81487158686634,-0.0255466367752573,0.35167805877491
401,132,0.768916420193334,0.984114607083106,0.6861920758571,0.873049264417664,0.783615841573056,0.672285359377011,0.705977231529112,0,0,-0.859125704430136,-0.0797518909395652,0.537710981003524
402,191,0.535660657236718,0.742780657581467,0.893864560277639,0.833234096141359,0.338706199676346,0.582353044063749,0.511727760158865,1,0,-0.836918559025145,-0.0312935977624317,0.302757468237007
403,139,0.56962250994873,0.508402470065761,0.50131767189541,0.866772337659288,0.512327074114455,0.729331863453111,0.552224544269904,0,0,-0.81792419156433,-0.0913006732955548,0.256838616044046
404,209,0.567480075155307,0.476139772149391,0.753015363659366,0.802445440470829,0.481207030432583,0.779632650605679,0.159924383573075,0,0,-0.748442882440121,0.0220561259164944,0.362356287016635
405,220,0.730040439735883,0.995924823706794,0.969280021026162,0.674554755020343,0.331592413476925,0.663500741100234,0.380224198855058,1,0,-0.843363732940902,-0.0746256090000719,0.32140590150703
406,136,0.724697367478309,0.698693516305349,0.504896425497998,0.77134297900509,0.805991604266258,0.744380673928086,0.983399312294471,0,0,-0.77587763518307,-0.0699573998001112,0.406942279975431
407,176,0.723444488705391,0.59576837056152,0.644718272884393,0.826403139917903,0.584286599791285,0.62435367661368,0.52721461392568,0,0,-0.787102537487579,-0.0347970922718686,0.376700247486932
408,169,0.910891966298278,0.818328313581981,0.600035357034644,0.772081057505948,0.82022034564047,0.607516132578165,0.417928543158245,0,0,-0.788616965057204,-0.0594318446206236,0.492161207943458
409,130,0.644118644343087,0.816873094614904,0.395592389440444,0.904191996836716,0.555007749254512,0.637317849566046,0.494214745799252,0,0,-0.925762007289089,-0.218623031068604,0.219556841685555
410,200,0.878849975215644,0.845958742870118,0.699867653454055,0.634828412591571,0.713281717143722,0.628606774611344,0.315596073996334,0,0,-0.756527663917297,-0.0509735585743044,0.499202801629056
411,144,0.660688081228197,0.524112050716453,0.448538923163283,0.73927362771892,0.833746086586557,0.647311611994077,0.999131425172706,0,0,-0.721597704689573,-0.036081730432086,0.373967571869136
412,187,0.766707591498064,0.800530598874002,0.752561828878982,0.827570720459182,0.605231582742139,0.566129384972886,0.240987348440125,1,1,-0.819762335452879,-0.0421067320462688,0.455474186803745
413,221,0.736212190470851,0.591562146340942,0.640749175293692,0.492970421698599,0.835197203399979,0.628225153217885,0.380888971770592,0,0,-0.624903792902824,0.0297360502443191,0.535151919286134
414,150,0.632455883745213,0.829539540762157,0.655296380866938,0.70588905892021,0.636230771134283,0.540462988790858,0.460310285990972,0,0,-0.799762993919385,-0.085894235472371,0.416919721720477
415,159,0.990868597866123,0.584741074027577,0.475887673643354,0.862965783108612,0.747361785722997,0.557172365920907,0.667507994936721,1,0,-0.791906210675923,-0.0642868151273848,0.35566026157766
416,216,0.836777476600583,0.677620015748559,0.745184202338937,0.745418001576772,0.514324361288034,0.537244160125527,0.287009214976539,0,0,-0.780125951238255,-0.0325362655149999,0.383266388909906
417,162,0.764578930060307,0.496608711481306,0.440693405195921,0.786693212205496,0.471658525558099,0.707734382846723,0.62789255175396,0,0,-0.808738062197146,-0.125294042614544,0.207856801717886
418,211,0.700894514860279,0.44816011837464,0.606452233905796,0.646184485504272,0.596405084886973,0.568289485184138,0.36515474292802,0,0,-0.692456282016093,-0.00492661281180583,0.361691196042481
419,216,0.800763431657843,0.89448656086651,0.953711252008189,0.878753341769349,0.897434397719084,0.658918235199182,0.185664338594696,0,0,-0.76224556431674,0.0952104933777695,0.855893283043883
420,142,0.683402180570664,0.767523715541017,0.420627748026032,0.57260775987625,0.858304307511941,0.550106962217814,0.393588384483753,1,1,-0.735021485471692,-0.114241725756747,0.36102660798979
421,206,0.654716818972032,0.744819071045383,0.778576729461679,0.698289961423192,0.672091647026863,0.710824544331417,0.733212222790284,0,0,-0.743363517796734,0.00329665608759712,0.523274916440688
422,142,0.707157053068446,0.932818530607602,0.538768351675273,0.744345808965752,0.677774751675528,0.528147059523409,0.451320721305221,0,0,-0.853352750702415,-0.157514991223291,0.365163585767341
423,184,0.742324518741482,0.59527844418477,0.614798562712583,0.77367407623291,0.634677402439294,0.548427378573292,0.557385599110239,0,0,-0.764601557069475,-0.0348852956982259,0.390198754805834
424,204,0.851361045770604,0.864123855183055,0.696798006514074,0.534775081923725,0.430799920753059,0.40968815673709,0.547588496509311,0,0,-0.7906420176151,-0.130956122889783,0.300180525987153
425,232,0.721190599941607,0.702984145815894,0.873542197873156,0.706485001185121,0.558553420227518,0.600911953522548,0.453515289870476,0,0,-0.741348390644777,0.0284632277608649,0.487919982335114
426,139,0.865453602112554,0.797250020214576,0.532720592745543,0.856715300928996,0.630662107401858,0.689525759218256,0.491775704739792,0,0,-0.863378539489212,-0.132248825813226,0.335966691677271
427,136,0.757610016968664,0.966447683830403,0.222086809899506,0.783635827645862,0.666165413605564,0.755124943887698,0.27424641878943,0,1,-0.936323895080591,-0.311236365059637,0.147946551573045
428,160,0.615974005340464,0.376198996097169,0.410374222184322,0.630196004307664,0.365252539624946,0.695690399695199,0.120813977160214,0,0,-0.753348796911521,-0.130679019451513,0.149890226849436
429,187,0.720074981823135,0.7769126307513,0.627083187359073,0.493343833375533,0.789065583016335,0.68812912761485,0.0740711128712097,0,0,-0.688811252982646,-0.0432164339476729,0.494809760833229
430,139,0.775531240771923,0.894914676250594,0.399626077903713,0.820268147367688,0.918470976089729,0.537354392789084,0.672872829873274,0,0,-0.841230594878944,-0.145722505278966,0.367044953843133
431,155,0.606559983579407,0.686270418983402,0.594142305617635,0.821121150287235,0.79862571977323,0.568080332351514,0.0178888349358901,0,0,-0.773629906976867,-0.028521320223814,0.474497326471611
432,252,0.860186117360138,0.725495108949377,0.765348662940712,0.521933895822148,0.619349713185993,0.629261697120033,0.807555903793768,0,0,-0.694837597437868,-0.0105307008890563,0.474018474879613
433,229,0.792441952373585,0.66868061845782,0.790125015086177,0.761043574376543,0.43134466543875,0.472768080435309,0.457393636633804,0,0,-0.792274472261101,-0.0314271151317478,0.340816210287134
434,142,0.652354047753505,0.692395446999382,0.561960323912987,0.918789797222067,0.685392437300187,0.56317563560359,0.557417142358076,0,0,-0.837210550438366,-0.0739960232569593,0.385163356072725
435,150,0.67083350417043,0.44758648314316,0.39205208817776,0.709995648693183,0.942328817343528,0.642942407865078,0.500310863150283,0,0,-0.677988258741403,-0.0103616698373132,0.369441980589609
436,143,0.705685060008597,0.790056939760777,0.469977828572747,0.645798445132067,0.753575991944563,0.436219323021572,0.412097565110705,1,0,-0.778353760513393,-0.126136653022271,0.35416400835866
437,278,0.796015955962942,0.581901110998679,0.767844079688268,0.468760032212189,0.585688184213034,0.482057102115548,0.817882143982704,0,0,-0.644683340602931,0.0243976799170749,0.44971720479135
438,194,0.570727021863161,0.621898461406414,0.718116044019003,0.760004565611471,0.464019558998448,0.627214137011772,0.586826715370718,0,0,-0.785240028137693,-0.041098453704968,0.333219890055408
439,185,0.727975597787824,0.758691196630811,0.757025763008993,0.784460328420285,0.679194056216134,0.655986240464995,0.0953298614341864,0,1,-0.777493576816104,-0.00855044531206029,0.514167398638192
440,257,0.88822050181579,0.386423271601845,0.569977633052631,0.448549378135789,0.534081068852462,0.623351250156551,0.388318825310008,0,0,-0.631665988755673,-0.0190032257117019,0.304414263482746
441,146,0.772059312024799,0.801414349105559,0.566840758721677,0.924259913557855,0.720450124372921,0.709948784943369,0.348047880590722,0,0,-0.860715778811292,-0.0950398080582925,0.408380495120673
442,139,0.606153588610605,0.713209303663239,0.52686676765822,0.835428356209853,0.360775880015482,0.641628566410154,0.183681986868424,0,0,-0.892438452526613,-0.179920076196256,0.190080821752807
443,199,0.77534456969916,0.837793073023713,0.751492998334746,0.689637161768236,0.789758833889831,0.490132552420053,0.312395273158007,0,0,-0.745971016262849,-0.00578210247940506,0.593498234041222
444,139,0.518769385887769,0.703568638109009,0.463036686008092,0.690638577772193,0.530058061337061,0.413869354433115,0.606478672170184,0,0,-0.818313731205573,-0.161544534941316,0.245436328113387
445,174,0.55219720371148,0.7119962817688,0.675909685239172,0.664864395139322,0.624862584444847,0.795887693451953,0.206356466064822,1,0,-0.752601430225635,-0.0448524422283856,0.422350672769852
446,164,0.665382569206749,0.681220177125776,0.594662106944123,0.668684862041104,0.638900255615674,0.546250593156131,0.400502847149637,0,0,-0.757289175833511,-0.0682042349765561,0.379929772131556
447,187,0.602363074282407,0.601691606719599,0.552728257907203,0.512063427544422,0.702341125743072,0.416063669290444,0.380627342890263,0,0,-0.678742554524557,-0.0468298473581059,0.388203786888552
448,142,0.688138578222155,0.631321571118247,0.566777820181151,0.882300140010747,0.373381629125054,0.612296734272774,0.634441633228801,0,0,-0.874821762621993,-0.13465064158877,0.211624425851185
449,212,0.761214217292242,0.821880534321347,0.910540798092141,0.849254679284417,0.413355316872137,0.636959895740624,0.35993279950838,0,2,-0.844842059529867,-0.0279654621985231,0.376376880120386
450,142,0.769532951016581,0.774198652360938,0.439141675179578,0.673723986062874,0.812589851733603,0.816723617671279,0.984387373767641,0,0,-0.775966483436798,-0.119842968688791,0.356842068724219
451,190,0.755826831919673,0.762709949993925,0.649480418947054,0.604112078828054,0.526374893150896,0.605785836621554,0.695733251256896,0,0,-0.77310952652004,-0.097158900760388,0.341870186126855
452,251,0.706365270519607,0.701195941366607,0.899206489354935,0.697464612737031,0.48263868976033,0.569750188590964,0.316078906650442,0,0,-0.749551758202658,0.0207178210980987,0.433991841846252
453,148,0.416002629636644,0.70428177546942,0.707853877066118,0.842791931337904,0.852656401758733,0.567137179507551,0.000351927949002906,1,1,-0.752988713340459,0.0306884123462662,0.603556139790165
454,137,0.554677115164325,0.866616848891456,0.579393013985016,0.509822914077465,0.600369549348496,0.676137341088421,0.607526145905288,0,1,-0.76842299410729,-0.139912288069333,0.347849922701851
455,193,0.709108925407669,0.662987114022462,0.764832964351634,0.861748284880435,0.530802908220624,0.777109812432156,0.363194533120273,0,0,-0.806480703809002,-0.0151955919413231,0.405975561780848
456,169,0.853823491393192,0.812393155707953,0.575341101184759,0.659568722017801,0.653062417143674,0.741791008740778,0.133794223686721,0,0,-0.791185429398283,-0.111985744868178,0.375733650221822
457,146,0.873188720172833,0.547542463021939,0.441121041569258,0.889186880976261,0.54665961307744,0.597450019387633,0.0543311369337888,0,0,-0.839723103892017,-0.120750737548235,0.241143057904568
458,169,0.716000564316485,0.854872544665098,0.617854579378952,0.585162987689929,0.580685196658238,0.688511665758573,0.208913256711784,0,0,-0.786650474456885,-0.124441815857989,0.358779007932859
459,145,0.764119306487689,0.787023344928695,0.528454718944219,0.712204356628399,0.338294726809837,0.615616607500842,0.561341574703298,0,0,-0.877617367619147,-0.206913594238151,0.178773444776604
460,158,0.665921937583704,0.777810610596213,0.665374882651164,0.85743177023346,0.640334591414044,0.621111325187407,0.808429722808435,0,0,-0.831653466061906,-0.0650238575206454,0.426062553619601
461,164,0.773217198086466,0.7521415392645,0.770560745893158,0.969669513830471,0.430255693657942,0.629099229991059,0.517546362307533,0,0,-0.886635366696489,-0.0651338336219446,0.331538148229842
462,234,0.860846426751333,0.756321891775533,0.927757481207361,0.824715106844954,0.784621375722465,0.496788628983952,0.530674868767723,0,1,-0.735615727093858,0.0953653433459746,0.727938351241728
463,296,0.930159256588183,0.365643171835976,0.864752876014262,0.742516268893653,0.625283741917187,0.733880974839854,0.288996812167439,0,0,-0.646821720627731,0.141810197440876,0.540715914147847
464,149,0.849629537497326,0.716685700773668,0.412725305849389,0.675041114616653,0.672027704872162,0.398081921390152,0.208158253557191,0,0,-0.795617145884197,-0.150984740810798,0.277362840032626
465,190,0.571147061560476,0.550793450807518,0.725698404669628,0.763623445494171,0.711971077244477,0.6754890572473,0.154485604991244,0,1,-0.711913823576226,0.0476233626032122,0.516676274927233
466,172,0.670301565841784,0.897033924840032,0.927562712212727,0.896920397075321,0.526770517150969,0.741694799613025,0.841868835145133,0,0,-0.853483064600554,-0.0132638974855833,0.488612689602254
467,166,0.979924814301075,0.908529040417471,0.63258317582539,0.774090524263735,0.73111617286199,0.490289033357571,0.483173686545185,0,0,-0.827427680108929,-0.0947933704963393,0.462491790526342
468,164,0.606790327664438,0.552499602351273,0.675988921152899,0.976220945334099,0.782677934398567,0.670415301418391,0.699006898648545,0,0,-0.775019608598835,0.0433561398449843,0.529081612484267
469,183,0.649769787989916,0.677821253651319,0.627851161724143,0.597340439130132,0.266424769757294,0.742947596859048,0.417333473189901,0,1,-0.807396478002534,-0.149014174082214,0.167275101204205
470,136,0.816079153162279,0.789422979769615,0.429760255035407,0.67456278665966,0.757356631072055,0.608425173167408,0.380615218870108,0,0,-0.794081788619574,-0.142843124452876,0.325481778922283
471,217,0.883111192904731,0.774507647288632,0.760392147426559,0.755184876277306,0.50195176965055,0.343505795406681,0.302858268865716,0,0,-0.809969069366037,-0.0576923341346849,0.381680184029144
472,193,0.79722063643585,0.915208915626512,0.806606373226207,0.777374479765768,0.604396094405714,0.567012436373811,0.201748376137127,0,0,-0.82550465778406,-0.052282303165097,0.487509741700677
473,147,0.666941134200081,0.835886202991728,0.503411334108139,0.682602573604634,0.344243217540876,0.499222336809276,0.376085743402289,0,1,-0.884927148379669,-0.23097967006852,0.173295937399931
474,181,0.541903305668305,0.513449981090682,0.587889865575978,0.627934240469651,0.743204305943686,0.550618300837675,0.384379647713356,0,0,-0.67644892368264,0.00553735851081811,0.436922279516722
475,142,0.673538009790711,0.960075652313709,0.727468085142915,0.887222798843659,0.89278987780905,0.685774636603498,0.764798672892564,1,0,-0.825913310866491,-0.0259799648937533,0.649476142844727
476,179,0.741662959169922,0.594325810949123,0.651043979350249,0.817751184075411,0.409755799377845,0.677212399035384,0.544747939145347,0,1,-0.820331238756539,-0.0768069681387065,0.266769046188795
477,235,0.668400194536808,0.659587365306903,0.879387366087776,0.673052708946555,0.737608269405053,0.762338306556466,0.93799903438059,1,0,-0.67888485074889,0.0903410132012392,0.648643393236672
478,162,0.882910863399367,0.687192484494632,0.60265282372585,0.907226316008702,0.430794483047862,0.628657683073127,0.619994435899143,0,0,-0.879357857072398,-0.12037572629303,0.259619511654312
479,139,0.451510222791951,0.826930651532948,0.611541060827343,0.784737146765011,0.672205224782238,0.663168735064321,0.734196417698047,0,0,-0.824844091273521,-0.0952413299577706,0.411081096257012
480,197,0.910241972694348,0.539689471734833,0.694711660836813,0.947296526654085,0.571278980860544,0.509347687842736,0.774501536088635,0,0,-0.804202952136514,0.000665815636551665,0.39687416959479
481,139,0.637088996481048,0.700077311048142,0.441792319823127,0.567415077878255,0.51904874216653,0.510716747462291,0.44941415753792,0,0,-0.783829507786169,-0.172806276123774,0.229311747903027
482,153,0.738477543831173,0.828416636508764,0.282889468531515,0.514857630867955,0.540240496756981,0.641493919209993,0.474681602844767,0,0,-0.827161063513983,-0.275962073792336,0.152828347006784
483,244,0.867200572963264,0.69438609214166,0.836150950724766,0.780385724852608,0.627465242473215,0.657114334616823,0.728238856368542,1,0,-0.754903462725115,0.0322584951435711,0.524655659040725
484,159,0.776920635163488,0.635044413910057,0.492602078299742,0.694233672863924,0.966170254510052,0.41371622151791,0.67411433178086,0,0,-0.701109201196705,-0.0150347625967846,0.475937475363042
485,138,0.493957302236077,0.773061864316148,0.705284356882152,0.871113360221752,0.572483540777497,0.574266182625501,0.543373956552749,0,0,-0.842004804136564,-0.063470290611144,0.403763685882874
486,140,0.912189563810546,0.801914523027594,0.276099766930783,0.683240735583824,0.493128086257266,0.721288103632742,0.689801391542529,0,0,-0.885623483861321,-0.283341569527796,0.136152549682654
487,197,0.429756906575551,0.758973931891829,0.748538520407074,0.452733246478227,0.343595796414895,0.542465508463466,0.678651191851048,0,0,-0.744248085467727,-0.0994132827905733,0.257194689066496
488,143,0.712703399405451,0.664759661192142,0.169340760032253,0.658784129372613,0.476778706664297,0.448161061637457,0.248788625734456,1,1,-0.862971532378404,-0.294390267500001,0.0807380685537266
489,193,0.687306331764051,0.882032461716998,0.829452555587472,0.718582511684494,0.700112164830171,0.511412044650117,0.362010996365361,0,0,-0.772489478178589,-0.00748310640278221,0.580709824316263
490,147,0.688020800568878,0.929520219389846,0.609446782451333,0.647849826989911,0.498259969563985,0.588337505081972,0.809844602234255,0,0,-0.846880143884517,-0.171665947361292,0.303662935275069
491,200,0.79687631158171,0.78383678113576,0.629758133613755,0.610581813567528,0.603849299719842,0.602251953620207,0.637974896140626,0,0,-0.768004497629522,-0.0920982054697087,0.38027900797554
492,148,0.727230292212038,0.756895361174363,0.50117991874917,0.638326022826128,0.54373343553663,0.753003967327184,0.58909435388055,0,0,-0.806192859353605,-0.156847030209202,0.272508279043455
493,201,0.867454108235178,0.860438035830639,0.609655010213353,0.447672108601808,0.420115042765942,0.751409059040955,0.150291573696834,0,1,-0.779869664681632,-0.171364402397159,0.256125240688253
494,163,0.853783292821667,0.817857557142188,0.513623630926285,0.622590384693178,0.567751988526709,0.721598196018685,0.309102895012311,0,0,-0.810520349178873,-0.163152332086486,0.291610837812707
495,259,0.72693581695316,0.681024749906003,0.907309039172394,0.568425436178656,0.675468395705698,0.550512851539595,0.496864190709464,0,0,-0.659247902278636,0.0802884903985403,0.612858581099055
496,175,0.874819300244781,0.493980784984205,0.301882618935781,0.529822939652729,0.526236260993091,0.635659854057788,0.0970772567458105,0,0,-0.738892873558313,-0.172059297247875,0.158861580647568
497,152,0.728068855319375,0.7841357969624,0.638191569301808,0.840045596050253,0.506018164320732,0.660634428530262,0.426418636099297,0,0,-0.861736134311793,-0.113802236808607,0.322936526383068
498,170,0.706200251774972,0.68706397829216,0.594665593412391,0.731184445724385,0.389714614747036,0.58048930624557,0.231295396631411,0,0,-0.832769742185597,-0.134537866746642,0.231749872640027
499,134,0.691406257979446,0.72692982198699,0.519390525885144,0.83665410452562,0.248203249523596,0.781557487442025,0.758591169598949,0,0,-0.922260633643873,-0.216493685874408,0.128914416296462
500,149,0.447074264910601,0.789261837435419,0.715677679446995,0.693745586623413,0.459615982610303,0.601693517463735,0.341257025381565,1,0,-0.81157868435417,-0.0929129876980479,0.328936899871292
501,209,0.843630473432592,0.720723642015431,0.723269373280939,0.689287572306334,0.475849943992522,0.65526366678672,0.378231593831061,0,0,-0.786260505837603,-0.0650224832890563,0.344167690767242
502,229,0.754912381433817,0.699492337139604,0.942253530504278,0.878446886459255,0.652061728164632,0.734492656587922,0.455694445689555,0,0,-0.763112924981555,0.0842791024476638,0.614407465469845
503,144,0.61911075564647,0.720543900141582,0.391409766525164,0.741664684710006,0.461621243128482,0.427645923786129,0.814451889348834,0,0,-0.867463599682429,-0.2161513074419,0.180683062995975
504,232,0.622259205505324,0.68664240818146,0.924572054380548,0.731921360777475,0.730132381634858,0.677267222013739,0.40543438032271,0,0,-0.698664521971364,0.100468594761441,0.675059996057903
505,139,0.623144976208554,0.763545878898692,0.599908270702354,0.931312002937056,0.663361403166732,0.665628915119135,0.257060398016391,0,0,-0.858698753678341,-0.0839236281701543,0.397955992224441
506,139,0.798461706377877,0.875892854544618,0.379460516573922,0.69550419602896,0.648070495771049,0.562746989574803,0.947252846559602,1,0,-0.857617636288146,-0.219152709891575,0.2459171651016
507,182,0.809974269929928,0.737916339364077,0.743136426656193,0.896219482930932,0.804387683991821,0.439441137805647,0.682837279452761,0,2,-0.783446746989895,0.0238896367742388,0.597769789127933
508,161,0.84940305583892,0.493740460014998,0.512211045265985,0.991683811163439,0.438945430762508,0.554225628412247,0.860504348200902,0,0,-0.868014149859004,-0.101139745244096,0.224832697905592
509,182,0.811891327452355,0.666997795867552,0.660548724309722,0.742016061692606,0.802094842532328,0.616377514965353,0.265580985787513,0,1,-0.729729002061406,0.0076024526852793,0.529822725010136
510,197,0.793531954542774,0.72191426247958,0.696728543304142,0.723152839882212,0.536781908198697,0.643626416082704,0.675958468013382,0,0,-0.789307340426576,-0.0613740082517057,0.373991276971296
511,139,0.49534218743229,0.96226586917229,0.667624241251828,0.569921178640876,0.447689701901301,0.449463025074834,0.266279165277044,0,0,-0.830922825767992,-0.16862252389064,0.298888497548113
512,204,0.739695997421869,0.739735041750014,0.775391321114899,0.647922369548869,0.591539648680392,0.612678094811396,0.476719866628232,0,1,-0.743620762724957,-0.0174965533280956,0.458674709682132
513,183,0.722861492607289,0.560427481504475,0.452664042255374,0.519335743583525,0.756012021270148,0.62727704224992,0.465373224530077,0,0,-0.676578591961354,-0.0651617480029732,0.342219457541801
514,203,0.622577313589331,0.529452662929826,0.720611940983584,0.770049464129844,0.60556145798283,0.446082465198079,0.157673336920779,0,0,-0.731938199629246,0.0240982294164521,0.436374817621856
515,271,0.787644461403424,0.455401408820367,0.68950376126145,0.48670151308113,0.516130800633203,0.426915757791689,0.354738816996793,0,0,-0.644893550607202,0.00902775811136585,0.355874128339477
516,214,0.791124074310535,0.840602077497606,0.805313085185995,0.640356985038434,0.565764967624465,0.402628791659052,0.663403704459025,0,0,-0.769136423258301,-0.0407668453473203,0.455617931567813
517,169,0.820464458956673,0.985188515865291,0.674720130218677,0.638011682396889,0.627476524158029,0.531100870035972,0.540076491009992,0,0,-0.819235780231898,-0.125649292414518,0.423371042089069
518,224,0.70152684213478,0.722049115591414,0.759021551469252,0.584614119585927,0.671993229596893,0.592669092884361,0.922362145596026,0,0,-0.703963334768652,0.0013266037065911,0.510057343705467
519,221,0.622665400289134,0.741252901396033,0.78450736277664,0.537783919313906,0.726610363794595,0.42121783761912,0.393277146617116,0,0,-0.677682785911948,0.0211236181005032,0.570031180266673
520,216,0.703882190719965,0.637309367275052,0.686762040330381,0.595331935469341,0.484957068294542,0.574091995833943,0.261385349740722,0,1,-0.737584551011061,-0.054171517636076,0.333050105694599
521,178,0.804850132282246,0.760418633788254,0.691059269759104,0.757852520715816,0.465022218857165,0.581434500363398,0.527909291385535,0,0,-0.827683323724787,-0.0939067518961717,0.32135791498519
522,131,0.859188447404359,0.692173646275487,0.379996260917063,0.92991207208248,0.397233056851829,0.541560755835893,0.36575412669056,0,0,-0.936400941842469,-0.229511208934679,0.15094707631635
523,200,0.7518569582855,0.876376227023053,0.668320846301562,0.447801702963618,0.663343531321271,0.634619787415627,0.648149057200684,0,0,-0.721106896223606,-0.0869538867154364,0.443326310241298
524,171,0.711013399415572,0.665974574855928,0.547020391085488,0.623050150959498,0.546892857983922,0.573888250494895,0.801511071902703,0,0,-0.766936166350083,-0.108714885182745,0.299161545056225
525,141,0.572844812027258,0.75681809507527,0.479789204280239,0.756215956948664,0.723090720355066,0.5542884509458,0.195903168785891,1,0,-0.809577234937585,-0.119831083953846,0.346931121341581
526,186,0.516740269025677,0.734283302116214,0.746989595598446,0.605306937794853,0.57215618495432,0.671101009820852,0.614045108957353,0,0,-0.737761283003722,-0.0335295546321525,0.427394717218177
527,183,0.67664653716083,0.562417874331039,0.700907543845477,0.82095355401137,0.871963924526789,0.718824855340136,0.822543392984508,0,0,-0.703771706195026,0.074640555673516,0.611166092661935
528,242,0.897761736218171,0.674360168466835,0.686006548740103,0.535898077754249,0.595675306891019,0.572002207670476,0.85093806301613,0,0,-0.704935535136719,-0.0367805783191227,0.40863716145001
529,228,0.748555423840953,0.57868398000416,0.854974878757864,0.807180489984678,0.527377135466924,0.838992182253773,0.715679520762444,0,1,-0.749601899817259,0.0489580241973909,0.450894202455503
530,197,0.694178829264495,0.577507171373248,0.729842286648446,0.817683401906942,0.483896868110199,0.536581954727873,0.64693209657276,0,0,-0.785135645099079,-0.0175804390530833,0.353168396723569
531,126,0.709584220304233,0.869008573395663,0.465227079230074,0.906652882375428,0.62607767597439,0.582576340124812,0.57736917168924,0,0,-0.912831575947747,-0.184696292762359,0.291268288564718
532,164,0.529483482095803,0.409333246120895,0.505287561581513,0.63797377405196,0.446046041868209,0.656610911087305,0.219577117686732,0,1,-0.730113113232834,-0.077366405070798,0.225381516848673
533,234,0.654934982461392,0.725295590704476,0.861615416268436,0.627204134104697,0.33274625849757,0.673114606872889,0.23483840056313,0,0,-0.772750382072184,-0.0419909600345033,0.286699306027148
534,138,0.607268200618526,0.918516219216799,0.340227080921754,0.812476506404692,0.589413667183672,0.592847145213817,0.780037529580971,0,1,-0.927088957981053,-0.264426263421765,0.200534491441287
535,169,0.648162301151473,0.658070577828883,0.573332101049782,0.591408329440673,0.501111287204102,0.64058466687716,0.297823347896995,0,0,-0.75952772439568,-0.106548162948332,0.287303187152488
536,126,0.739475966860849,0.826221986740659,0.577629062977871,0.833840222539423,0.500063708906097,0.541893497454239,0.510855187651909,0,1,-0.883849226988307,-0.154732636142524,0.288851331604668
537,142,0.720817924094036,0.710117037439889,0.239739460957432,0.887695571123338,0.638592436336598,0.60316627113586,0.400004563465118,0,0,-0.90163916965087,-0.234589470876805,0.153095806458829
538,169,0.762758726113785,0.795110320027,0.598362616294997,0.689976233668823,0.777818465795781,0.549059628004681,0.234546432270373,0,0,-0.765102719243852,-0.0642889594113173,0.465417492196124
539,205,0.679310975887363,0.966237593368481,0.912243262275482,0.71276938179438,0.380746844491589,0.729028591387508,0.248849928216262,0,0,-0.847431672740409,-0.07843532178522,0.347333743520103
540,185,0.810100264697005,0.66606308885873,0.621409440345206,0.719675068296013,0.503974523345808,0.672061837140623,0.219172758530618,0,1,-0.793688544964456,-0.0868062875298781,0.313174526500561
541,144,0.586712320990074,0.816179307016883,0.657343355370919,0.733194813455985,0.34555423527549,0.542335327108021,0.748652942667481,0,0,-0.867114446931872,-0.156386464620578,0.227147780478623
542,197,0.739220927017498,0.779816763021461,0.848828226487265,0.842732324255744,0.476188593834809,0.744681901474478,0.751800452874006,0,0,-0.828946177111114,-0.0266398233141051,0.404202319578266
543,206,0.832795111668684,0.402549261443509,0.565338149613982,0.799244076432764,0.516653122601316,0.662981629495526,0.449098516770859,0,0,-0.754043243065923,-0.0303616458507807,0.292083720323713
544,141,0.637873085443222,0.769175117654063,0.375563235942821,0.668440688878767,0.869782470952429,0.713701678045977,0.555089528105894,0,0,-0.772287587070452,-0.131783881972283,0.326658319357236
545,262,0.723822892886406,0.435640716221501,0.878093544107726,0.772541714117071,0.521770928886592,0.531774932822242,0.810374197185709,1,0,-0.6957383593037,0.100162714878772,0.458163684158408
546,179,0.793473219470104,0.682707544638447,0.51494335339552,0.545479483166815,0.342118841419945,0.651675556256754,0.477127788224535,0,0,-0.796535706605688,-0.181018823200805,0.176171823460576
547,183,0.716800721156799,0.752203807104197,0.766212302297579,0.900665097274757,0.670437884187639,0.573886253179155,0.730522356456601,0,0,-0.813430116376116,-0.00481546814626475,0.513697754790929
548,200,0.571633119916243,0.704024436252337,0.900860073196186,0.907827880733204,0.466703116246114,0.423418485890716,0.657277499369609,0,0,-0.821425551417531,0.0164832297058643,0.420434203462362
549,141,0.639935867180238,0.812277687642036,0.59197330038536,0.715222734354014,0.696048604876529,0.589316137961136,0.371489382152793,0,1,-0.796804857324542,-0.0934148763843062,0.412042189857384
550,231,0.832138797822975,0.733735333724704,0.752485189597081,0.644328470575628,0.339644594493487,0.766328244740235,0.189272153844049,0,0,-0.799281342939371,-0.0912054901177132,0.255577527083055
551,137,0.841118971268661,0.602740475551166,0.366592273427751,0.917948723663329,0.489059806582806,0.563375647283608,0.992661212113245,0,0,-0.89046626436244,-0.185162884340617,0.179285546337327
552,268,0.96268183896489,0.381266468261587,0.804114848767445,0.8278069368128,0.589399523877775,0.4600883725401,0.467940664592143,0,0,-0.697627239727372,0.100927522454114,0.473944909006581
553,220,0.527807577725813,0.751252773983229,0.920419457497084,0.670750855999137,0.670393299219264,0.574360516943581,0.938276678179982,0,0,-0.710427357363774,0.0639912738012602,0.617043036777076
554,177,0.767475425780451,0.815990922487505,0.776264100304306,0.880811727101414,0.458861175204845,0.485597037193084,0.14454154668146,1,0,-0.868394726421312,-0.074101109252387,0.356197457334965
555,180,0.576769180867585,0.86596408141504,0.769317101525383,0.617365255999175,0.413443273475052,0.432282487430222,0.943789499716889,0,0,-0.808184812223047,-0.103770537729272,0.318068980794993
556,291,0.878826233122338,0.598572663843439,0.906817023698493,0.572723209082159,0.479787010098878,0.571367614673092,0.576065700708353,0,0,-0.680041121756016,0.0537678534935761,0.435079028507063
557,142,0.655450899978027,0.813196787266347,0.605152336386131,0.852029771331778,0.524465561286291,0.499985438188075,0.166519545694338,0,0,-0.875781868832615,-0.132314345647895,0.317381559766462
558,239,0.745296085684218,0.588971112014257,0.79110834809706,0.712758826993594,0.394750402708694,0.706392074852493,0.548844915461805,0,1,-0.762301685662087,-0.0168598481477212,0.312290338997524
559,148,0.339215340104109,0.735650477165349,0.618149884414579,0.799269423568981,0.53616693479255,0.495180449065438,0.854072662021163,0,0,-0.832342012059296,-0.100527283733333,0.331431528768934
560,179,0.820115343594629,0.649799470785912,0.558620980460521,0.644194916656622,0.187718015866667,0.821123967431732,0.567558574375877,0,0,-0.844507380558091,-0.191885847766458,0.104863222073541
561,206,0.802459052659814,0.615274730449462,0.69410031905703,0.768387339506587,0.546574313058748,0.570880715080617,0.638387210043454,0,0,-0.772766693326489,-0.0284064379074112,0.379377405082454
562,213,0.54571612548724,0.569867758056796,0.783002343849611,0.739321255048882,0.458805497405074,0.553994374832494,0.748408731968865,0,0,-0.753293244787423,0.0018046127250548,0.359245779839259
563,147,0.65453954666119,0.771105133536679,0.490551186497835,0.850639659693772,0.478206640673122,0.466395349120707,0.734401703986389,0,0,-0.894797200766642,-0.18276964242991,0.234584834973344
564,279,0.837910517311469,0.572640273675775,0.77082266612705,0.548575385859241,0.306951796146155,0.59831143025293,0.178414726734192,0,0,-0.72739093676365,-0.0437995415873522,0.236605401877866
565,184,0.777114922386815,0.635602667324344,0.616634901646164,0.742602044419705,0.6320342076026,0.637792008408117,0.687705420576941,1,0,-0.76595989566864,-0.0467023357637994,0.38973435144204
566,181,0.689404360517948,0.827672923357064,0.769578739842708,0.801154677800564,0.562300512059838,0.703302350706338,0.665773017899478,1,1,-0.824849366265981,-0.0537161083083386,0.43273451948392
567,168,0.794646277463349,0.719903270112999,0.549577694161328,0.691396533937839,0.750009112587012,0.58093073815293,0.991287821839536,0,0,-0.759731171824223,-0.0708974089947767,0.412188278695554
568,184,0.704247339122679,0.611151157418512,0.677393715547187,0.795081226028842,0.761068219776588,0.685373853913557,0.214345168754112,0,0,-0.737134567949237,0.0209997357649727,0.515542829179346
569,162,0.704893040555787,0.685129643573534,0.497195828073831,0.613725682504866,0.750339681820784,0.723154911983154,0.443874808816735,0,2,-0.734607191300751,-0.0837892384798817,0.37306575943954
570,140,0.787635794152872,0.809992650249488,0.392515989319531,0.8023482785205,0.710656337311256,0.555329340057599,0.0953026458384671,0,0,-0.857996937834297,-0.177598332184546,0.278943975305922
571,157,0.535887938313495,0.85988529398577,0.785106321929622,0.757002136140037,0.563128590428862,0.43775023774728,0.689619555250137,0,0,-0.816460061869617,-0.0561446798418023,0.442115816405016
572,196,0.720567576520433,0.756863020476152,0.776425761498555,0.744141480826605,0.357340473464697,0.650677452614409,0.494837167062777,0,0,-0.829701995376015,-0.0828300633916175,0.277448349224082
573,183,0.724996738525991,0.988769703184364,0.879948237984888,0.828970445490588,0.577138324879238,0.46185738355049,0.587696454365651,0,0,-0.854875670899891,-0.0485485368704294,0.507851852051035
574,141,0.659319910895118,0.783693798692582,0.507594074621435,0.952910597868344,0.676261216483568,0.5703371507206,0.0690679647148884,0,0,-0.885520384699608,-0.127577517729573,0.343266186383343
575,242,0.804520081095242,0.706829491141782,0.900087221677731,0.781039840611433,0.779273488882682,0.712327045827742,0.507305445487772,0,0,-0.714059876752336,0.0963453760436033,0.701414109535525
576,169,0.629580024670616,0.719273591960791,0.603374618514307,0.612821462717566,0.603433880078309,0.662699142440955,0.257735125450133,0,0,-0.755809317370694,-0.0848020797394991,0.364096687190858
577,169,0.913669485656082,0.636795989459474,0.504641192208329,0.72138504989732,0.622542205096818,0.767022361853201,0.00937272867519778,0,0,-0.782155825850136,-0.0992917842036339,0.31416044058006
578,158,0.948644416477292,0.700488852943685,0.572790103198966,0.915971920141112,0.765705095389454,0.779557112924917,0.0498541640363919,0,0,-0.819243955417073,-0.0507590339791005,0.438588300608099
579,191,0.506792659004119,0.743845323515539,0.862130261180105,0.795393403553968,0.733367202229397,0.59060999542344,0.557483818324495,0,0,-0.745842666654465,0.0566063319126936,0.632258057598953
580,196,0.892809456378414,0.74778688431208,0.660402261694323,0.684455111065784,0.610919197209254,0.469987011972425,0.374833771601959,0,1,-0.774708082288269,-0.0659642056925918,0.403452419549472
581,152,0.526583714757461,0.502238676653422,0.622969611510853,0.868891848859919,0.435086293852044,0.557581560030963,0.613201504111196,0,0,-0.811079716211708,-0.0554322228938086,0.271045539454705
582,138,0.723017403335267,0.932674481755881,0.637909576463654,0.950692618117146,0.424559508367423,0.745441264679433,0.397582302910733,0,0,-0.956214424882433,-0.179057939922639,0.27083057616628
583,202,0.966219728015299,0.759842128895005,0.60818457377724,0.662521905042227,0.722757083376968,0.610850442228408,0.257161678548607,0,0,-0.756512373436806,-0.0637489837849771,0.439569708698102
584,207,0.709381615647873,0.619221261068119,0.77249214123172,0.828559530534011,0.365790656106105,0.585221310332688,0.966772424214229,0,0,-0.817765507079604,-0.0416048074452437,0.282570407177961
585,139,0.692460128541198,0.763522535943239,0.459150921578987,0.912567125340491,0.45360886014107,0.425704094871766,0.053505312110142,0,0,-0.92379969504932,-0.200855822504096,0.208274926170166
586,250,0.74121041171011,0.580401091992296,0.860783451851837,0.623472009902217,0.37935763322275,0.42236354345362,0.761401157554384,1,2,-0.721534208868728,0.0126554118089974,0.326544773011822
587,131,0.676844911501119,0.797137139092454,0.429844677130323,0.578863229777748,0.677346592596554,0.795125069046922,0.980986865119966,0,0,-0.782517044724327,-0.165834623666662,0.29115382739999
588,180,0.518657237877049,0.626155110792008,0.718881587939478,0.727377796910378,0.91206708548981,0.502898606057163,0.32574734591976,0,1,-0.679233961188354,0.0741410284209756,0.655668234724247
589,168,0.882124078577952,0.88903297310881,0.669358570605258,0.802946158321573,0.81191051611048,0.535990797474205,0.142864113841275,0,0,-0.807160196429258,-0.0517254564753342,0.543459262523088
590,199,0.942695010708649,0.692538886412655,0.590694983337283,0.643051268889508,0.321180072313665,0.644855875315653,0.476518955701428,0,0,-0.821306396764135,-0.155692992039192,0.189719457463588
591,216,0.739638040528029,0.757637990845891,0.717206779637913,0.523422671372823,0.536622788589445,0.584532040975975,0.597403722423072,0,0,-0.730925531356125,-0.0628986315180018,0.384869502084553
592,220,0.58607025840771,0.506161719293779,0.777265002600093,0.702811669275654,0.351624873387315,0.371623850957138,0.309564011195161,0,0,-0.748000426822357,-0.00965702257177439,0.273305708127649
593,169,0.7199269815814,0.799066460836101,0.625433399919046,0.679394109571319,0.498489777553928,0.509065735370367,0.581616280055487,0,0,-0.817944844788677,-0.125848238695658,0.311772156400442
594,187,0.891313390993221,0.550902963831676,0.441955674201188,0.63550838104608,0.517550117201164,0.605210417823904,0.751911510505088,0,0,-0.764811686457035,-0.128922399993741,0.228734210980544
595,265,0.824451414559006,0.524476595475047,0.791275458751094,0.589851642933897,0.40952202108319,0.642454882247329,0.438072313821857,0,0,-0.70152076030746,0.0061535884738923,0.324044725101277
596,149,0.893535743845735,0.992069019136913,0.475946155142631,0.707790156366019,0.893207755708258,0.712770904593874,0.506177922576029,2,0,-0.823147279792671,-0.147138666719479,0.425118797072924
597,236,0.680539556359963,0.594292318387736,0.721481125516253,0.510330631242387,0.569667645483598,0.532830941945787,0.527558107888524,0,1,-0.673555145293907,-0.0040330193526542,0.4110044540337
598,216,0.822505927173201,0.532585700061364,0.604450914568254,0.636908908991537,0.325616937612004,0.350390660250249,0.756181758660589,0,1,-0.771532024439073,-0.101035409718068,0.19681945573849
599,197,0.845530167677113,0.463779913933683,0.561212378816632,0.809323268852889,0.48831030896072,0.474770107991389,0.741334003487293,0,0,-0.781122065007189,-0.057685874183142,0.274045790092531
600,195,0.872352238316494,0.626386524857212,0.564049309938335,0.754679452923906,0.620739211315678,0.587159210279851,0.375394314143848,0,0,-0.779450542786959,-0.0702713333477011,0.350127523794275
601,170,0.819460615490706,0.779448946299583,0.657962061438149,0.748239003057512,0.539788066097873,0.561689760444204,0.121676308147071,0,0,-0.819854191307265,-0.0948714952019912,0.355160068709468
602,166,0.653987244475924,0.335788316691297,0.489146568995399,0.780564199143632,0.796425929954655,0.746225905139951,0.716916454874624,0,0,-0.683327939002302,0.0280901408924815,0.38956901109629
603,219,0.675638153233691,0.762592280257217,0.871255640486801,0.718501684852917,0.609831865165124,0.588579006559953,0.893597125771758,0,0,-0.751115117359813,0.0230797222199905,0.531319452273701
604,192,0.631444873542525,0.823053492217578,0.80237066935348,0.781517914841248,0.733128523661572,0.489164038396751,0.493381689838553,0,0,-0.774378333970444,0.00651554667156089,0.588240824252465
605,169,0.551637673729054,0.657013604657969,0.746974544727978,0.852297119062052,0.620947229775823,0.635610585799255,0.269564793920185,0,0,-0.785654286623835,0.00200801140380563,0.463831774261895
606,145,0.479497636613301,0.673694432591486,0.422206217760794,0.751558727847569,0.658484358213274,0.370302266011156,0.727441990517679,0,0,-0.809599652974313,-0.13754408667072,0.278016190335871
607,195,0.762625621819864,0.5713379063355,0.58345450593019,0.699108810463313,0.66912619784871,0.511747980572065,0.703438380661052,0,0,-0.732248407580375,-0.0327913257252129,0.390404695170766
608,219,0.834154134280331,0.729322436047829,0.70151161102833,0.615937409657927,0.651189836147818,0.654612208093034,0.746421432198782,1,1,-0.73119526789643,-0.0317819001114053,0.45681723104133
609,150,0.787173936655856,0.910942979603241,0.751413690381061,0.87591554887483,0.497901148639047,0.787038300235987,0.792493500508544,0,0,-0.889286458364775,-0.103158204139995,0.374129739543835
610,228,0.914027192889826,0.712652012608149,0.71744722754207,0.607775575830656,0.652328568604316,0.686408756586004,0.0870416926600741,0,0,-0.720754717360388,-0.0194647922270422,0.468011322991654
611,133,0.604479119488962,0.890109450371354,0.543569491865125,0.762943392223822,0.661106747571381,0.555652954427475,0.606342168535241,0,0,-0.850237738076981,-0.147047943244062,0.359357458845981
612,200,0.938302937449521,0.616738018250865,0.651164894385773,0.833889547320681,0.438285022988326,0.657587405716067,0.651992435460521,0,0,-0.825584550273601,-0.0759974167577544,0.285395820705059
613,163,0.868943638316532,0.861078103397326,0.530017820202281,0.657861261465854,0.372290943960763,0.629179670139531,0.000638160203120075,0,1,-0.87295700452395,-0.219347199149107,0.197320834599133
614,290,0.673860434701329,0.506366254900892,0.98146429933327,0.662767018812509,0.643539118495135,0.473334941440331,0.427352418640425,0,0,-0.634547395882271,0.15671908823178,0.631610670027378
615,152,0.821184041310879,0.629339172132055,0.50145659460427,0.80142093260604,0.796267294642456,0.62099724586935,0.456670376347296,0,0,-0.769118821890126,-0.0534578955299263,0.399293485966161
616,163,0.724468668150339,0.6810421129801,0.510406733977339,0.536049396196596,0.550604506579214,0.645959201555004,0.367704556088346,0,1,-0.748960791598973,-0.128489798150305,0.281032247916301
617,155,0.558183202732713,0.551382739056566,0.650827945744392,0.919330958584986,0.674449684726436,0.711502780732239,0.0891250228356932,0,0,-0.784286284587694,0.00444523072463836,0.43895070281846
618,128,0.652626905410893,0.749471216463464,0.467331312804569,0.800637641113183,0.479175957321033,0.554458518841967,0.387446296883521,0,0,-0.876729741593383,-0.186428232474284,0.223933929199224
619,180,0.752363779186831,0.612515251395866,0.539414364271556,0.690400659706814,0.824018234051108,0.531680237200678,0.0310516238197207,0,0,-0.715607088169146,-0.0244082222796481,0.444487271868849
620,171,0.795795471924118,0.954845399892711,0.735417681769495,0.700463206223841,0.704336562832044,0.723074588122077,0.827022828958483,0,2,-0.803249545659799,-0.0697553732623497,0.517981562223436
621,159,0.870490285128464,0.997190888392515,0.609500252473977,0.683255414354927,0.450849436891292,0.457045399283726,0.608878515395761,0,0,-0.887260069943891,-0.203984371081976,0.274792845612993
622,218,0.739642952891795,0.656592302262221,0.772401572361678,0.741847314101779,0.579275817665843,0.349642208510466,0.895372485491447,0,0,-0.754134995710698,0.00263004347789872,0.447433552396194
623,165,0.796732348023195,0.462345348545126,0.422330512823335,0.788920182170901,0.894849448447114,0.458009894822324,0.70773926694825,0,0,-0.712210487188639,-0.0135870553833774,0.377922226462348
624,162,0.455146898850683,0.594665001383006,0.699685938148504,0.802505042095292,0.745849037044384,0.617873303616086,0.339932249249357,0,0,-0.734130125115259,0.0318464631862477,0.521860083201558
625,204,0.633005066744425,0.594598525504506,0.819866234309118,0.793370464504045,0.574927521511201,0.677682327547221,0.626016695466617,0,0,-0.745787278473844,0.04096663919451,0.471363662062062
626,136,0.750040078098923,0.932387229623584,0.586479805937665,0.808009350866904,0.54218938099494,0.649277606273433,0.91144212616233,0,0,-0.894196269173052,-0.171333870324893,0.317983122947375
627,208,0.977945721270469,0.643815180719026,0.568556823434922,0.712168705601196,0.480630191207174,0.642203075641031,0.196813229572971,0,0,-0.799887869422278,-0.109756600966034,0.27326557475967
628,135,0.717809936982047,0.795224966212183,0.488041846310342,0.614766485526537,0.368328163363902,0.544859820973629,0.810147459660702,0,0,-0.849400756077813,-0.219518534460224,0.179759556896216
629,186,0.975881157060275,0.842530676816118,0.710428490163274,0.814804582593227,0.441713677125465,0.645540085995677,0.634234574991401,0,0,-0.870266385468186,-0.115670658988571,0.313805980724712
630,168,0.740473399199369,0.89132911839853,0.712297932570899,0.735108288881272,0.575842020146454,0.496593777553998,0.5991970985764,0,0,-0.828797457304294,-0.0945245783448986,0.41017108043777
631,171,0.848787696287475,0.590016875599445,0.499812210181989,0.710052263578535,0.963967287615749,0.613436956251706,0.582932551872864,0,0,-0.692894042263614,0.000940093729576101,0.481802620566365
632,153,0.704990127332712,0.551594663016101,0.504939495710917,0.815709893813522,0.740899761542374,0.558930499635748,0.0682356057811686,0,0,-0.763488324526916,-0.0432290749926363,0.374109551965545
633,169,0.779130545545428,0.708715456287698,0.618732292995739,0.792008608995608,0.33701280133299,0.671419517239241,0.83761661944838,0,0,-0.865324496422702,-0.143920241667474,0.208520703337678
634,265,0.778195722016518,0.819824106904923,0.959886342215616,0.523738343484078,0.846556430601775,0.646231026942101,0.630850269425517,1,0,-0.636690969268339,0.106886602428164,0.812597955649446
635,183,0.893912986470793,0.693195626921372,0.477122689983422,0.579446794720971,0.606011479445968,0.515368491595562,0.631282305144947,0,0,-0.760558015102777,-0.132518977016597,0.289141827234094
636,202,0.905624343252419,0.642495317391324,0.708410510071011,0.877100611505852,0.57634225108688,0.628536691124567,0.456610177989335,0,0,-0.806374014132281,-0.0223940985433443,0.408286908067932
637,198,0.84899636763738,0.848173976912038,0.74634019022801,0.671457271140799,0.56214477404758,0.556049579988149,0.733037462913612,0,0,-0.792948079368788,-0.0701591153417457,0.419551237598352
638,151,0.700383536666628,0.696857751441685,0.48169228359372,0.617339335173923,0.454085889227146,0.637534446220809,0.746593547572228,0,1,-0.805693164804585,-0.170961236437734,0.218729668929509
639,149,0.859896813511733,0.649739858148024,0.545173062468617,0.974760200784158,0.798943356590097,0.48193376027522,0.371395564658883,0,0,-0.822123044942261,-0.0393792081270409,0.43556239645118
640,240,0.686373706761721,0.810722200968385,0.873050885386828,0.519545900838881,0.651812922743249,0.415134878865479,0.254465168470011,0,0,-0.6907918768,0.0205008694850963,0.569065849307569
641,195,0.733221540164054,0.793730638484714,0.792610572576902,0.748298549409873,0.482280251808849,0.616409948425189,0.482522623219597,0,1,-0.811356471293623,-0.0541687583071463,0.382260426528744
642,147,0.738256497634355,0.801074357715365,0.601182547907851,0.785097281778848,0.558786912259221,0.654161523142988,0.218249120358677,0,1,-0.844141138610909,-0.121588737074599,0.335932939649559
643,230,0.787460396175999,0.599973951359637,0.670645471238443,0.587073571082056,0.58189238626414,0.83943998225067,0.580527547989709,0,1,-0.70667441622519,-0.0251407130432149,0.390243493596176
644,204,0.80374338299252,0.533109853815615,0.543627343792664,0.580861977670976,0.425888951616454,0.375149179873805,0.763500291863472,0,0,-0.743201622332757,-0.102226964581399,0.231524879517895
645,156,0.816553371991612,0.735632266083272,0.59725090039018,0.792998791386325,0.337194212306942,0.54029176636879,0.592537847414609,0,0,-0.877025009717421,-0.161395845845756,0.201389546906679
646,181,0.983442136456365,0.755908233683289,0.55273756036922,0.705119915311615,0.530705291049079,0.482618146744206,0.820181106607553,0,1,-0.820786794288083,-0.137017707692301,0.293340747849505
647,179,0.748684325595778,0.614540546750859,0.618851667225858,0.853168561583914,0.556397759488917,0.610484443377525,0.301233381651766,0,1,-0.811730476849577,-0.0590859278101537,0.344327681100449
648,205,0.697768398844153,0.463906100705801,0.552576243687749,0.619243431595702,0.708999089178963,0.525226175735161,0.805700853710132,0,0,-0.67380799543778,-0.00434593544965482,0.391776053476547
649,144,0.501082013401547,0.804767543001435,0.461181687080095,0.703746091564643,0.5183767574001,0.631082348124264,0.932334838625316,0,1,-0.853431213051089,-0.195382325824061,0.239065867520887
650,191,0.683727108791474,0.806394594709684,0.554907644260612,0.401511746900247,0.711885786615767,0.625481833675355,0.737793305628468,0,0,-0.697254717629714,-0.104039426675547,0.395030864833568
651,206,0.875649620614045,0.710505230037117,0.668808602364912,0.731756283300763,0.711483322867962,0.666760397589282,0.723228157258246,0,0,-0.756453943714672,-0.025109457475639,0.475846166773266
652,205,0.657353373562042,0.646225400617381,0.803886480138545,0.866167067662476,0.442180960511389,0.715529945736908,0.882443776458286,0,1,-0.815144529587737,-0.0158481007295108,0.355463295929781
653,137,0.787402572812419,0.859511232388169,0.521335384251126,0.740682798630761,0.591532300303732,0.659803875272419,0.740637886736638,0,0,-0.853662525214881,-0.165901449850582,0.308386719075799
654,179,0.810196036892561,0.54608636317935,0.574563663010833,0.768776158705548,0.568757166882557,0.396103565391398,0.307821719316619,0,0,-0.771022916577831,-0.0552824733750708,0.326787201167705
655,135,0.639104708276261,0.608791120583349,0.355792223039896,0.749413868293488,0.837154484823567,0.568829744477841,0.00968101479990646,0,1,-0.764711722163921,-0.101508922015669,0.297853055183196
656,148,0.77615330833,0.805419213904249,0.612479420309751,0.812118836899814,0.668666956729181,0.738467620901178,0.819260598147257,0,0,-0.828322322880723,-0.0893678507560262,0.409544750037775
657,201,0.390894768341563,0.529892577695027,0.831861355475094,0.750548376255557,0.67763524853607,0.442410973982191,0.320032485974775,0,0,-0.689697731610324,0.0920978660701263,0.563698576364918
658,182,0.632981396206094,0.798622031623444,0.691981736556752,0.602792264351823,0.596528922067663,0.680906851760921,0.878897771967719,0,0,-0.759671513430492,-0.0707219614752924,0.412787119398708
659,258,0.805114299768565,0.478767120748974,0.776444728882654,0.684473776461176,0.727566874952118,0.490987917466781,0.686255283306594,0,1,-0.653668992049919,0.0955617742690696,0.564915464966197
660,170,0.745011541885783,0.641029185753002,0.577552662731244,0.795255778341916,0.365293645392029,0.537793659118541,0.233333191729197,0,0,-0.849140826161092,-0.134835037611292,0.210976317574969
661,148,0.773479441560644,0.759459871829165,0.62820364256671,0.874440804306263,0.74840113450251,0.773498347175551,0.795525396779432,0,1,-0.815653461377244,-0.0480899008264901,0.470148318795535
662,136,0.743437245484513,0.662098488541079,0.468048836702887,0.782671854854761,0.3877010399793,0.76481222818652,0.841067423782578,0,0,-0.866299709931455,-0.183936836594033,0.181463020750811
663,211,0.794609074324712,0.553532490223978,0.53693732264191,0.521900227331274,0.849949538714343,0.580066886519455,0.138995687587578,0,2,-0.639706895142841,-0.00130982515142605,0.456369629698006
664,177,0.621161813115651,0.826645023371223,0.815678918011473,0.770550330869851,0.736563151868339,0.655183123643463,0.420989354486424,0,1,-0.768632865025453,0.0122566256387507,0.600799034763087
665,138,0.455245611518958,0.789628450728112,0.612567324941749,0.788689343792364,0.311418018553757,0.70317451868681,0.627165907269559,0,0,-0.893309664210647,-0.17727013246843,0.190764502564135
666,142,0.727908800163335,0.859400671026306,0.460689262802767,0.804233577149214,0.587205218978617,0.570822034701667,0.438871138588729,0,1,-0.886291891988818,-0.193944358582479,0.270519139445196
667,189,0.565439079519942,0.537652109056042,0.646065049940271,0.660138030055213,0.627444365974963,0.56651122451106,0.28326381259587,0,0,-0.707748228788238,-0.00578984116075352,0.405369875638356
668,196,0.765200259981784,0.733143552096585,0.812039629583967,0.84673800924821,0.660186309622459,0.539439812936101,0.347502826638426,0,0,-0.784476896034291,0.0185419002071162,0.536097446322228
669,171,0.778374216109456,0.807917350088762,0.562301974065936,0.52212539219855,0.549088751811494,0.531325800979767,0.565025948687075,0,1,-0.770342758824848,-0.143410883305126,0.308753689081003
670,157,0.998684009669757,0.842940953147993,0.587038166890986,0.875637426920985,0.39426868273697,0.56565249382664,0.500921709211437,0,0,-0.923032362476848,-0.182932920123456,0.231450764776435
671,196,0.480446133954188,0.511172301805276,0.796319988713617,0.806550707324748,0.424503161392922,0.59789978100175,0.723742623390741,0,0,-0.763688956342313,0.0162216140693201,0.338040352689306
672,138,0.424420312960056,0.871982964948828,0.630257360034455,0.753583276605386,0.663775227350332,0.614071897567259,0.963578239571985,0,0,-0.825615394991906,-0.102457363249068,0.41834922244609
673,147,0.574101471166441,0.913556844820288,0.726142548451427,0.760379238556582,0.282141381651142,0.592980113402329,0.230139101589325,0,0,-0.903819958337235,-0.171102018725451,0.204874861895767
674,155,0.652568433564586,0.782732157470224,0.66028317263969,0.815353816737894,0.472941128843211,0.632083753953127,0.44843530539564,0,0,-0.856415924776593,-0.112143380969742,0.312275069024391
675,158,0.953604479932346,0.876541637613259,0.349968178537786,0.782735564182723,0.594330721228611,0.691345515645565,0.416902762436815,0,1,-0.902999201311105,-0.246385181846384,0.207996839957425
676,142,0.623687007482908,0.631969423857702,0.479684859938699,0.690865894682482,0.579048715868045,0.64932337797746,0.536681450083768,0,0,-0.784934355020827,-0.120229483722997,0.277760902168846
677,157,0.718313902124961,0.524063769843221,0.523214772662913,0.839097019489698,0.740488399116999,0.828360230916229,0.476424577536875,0,0,-0.760134929336441,-0.0270560775174746,0.387434469403525
678,192,0.596496301378999,0.9002916942349,0.87728675189052,0.76499950189586,0.653424576951069,0.620805643553047,0.622908892985982,0,0,-0.793766999016001,-0.00373779601983262,0.57324072471884
679,129,0.734226753806544,0.595826104696723,0.440840539803319,0.750666325394557,0.473683934932947,0.862542900442289,0.546332104557759,0,1,-0.824110786940394,-0.154101289459382,0.208819081572
680,193,0.883240920610719,0.649164214056437,0.581560207358114,0.66935471950618,0.589120589483085,0.554980134860421,0.93562219274318,0,1,-0.76176914187054,-0.0774350776952791,0.342609092178717
681,132,0.684983659719466,0.646230967476016,0.468149859673607,0.865203062182662,0.667400811872594,0.511733897150725,0.457691174746631,0,0,-0.828307877509301,-0.106675694096915,0.312443596424206
682,139,0.654085918879604,0.637532844420489,0.507724608052434,0.805044378521233,0.706971669277751,0.70745742250787,0.800023332552698,0,0,-0.790634222799953,-0.076250584214461,0.358946913688221
683,221,0.81791112064021,0.87733192652058,0.821901288077853,0.559086365962844,0.448160164906079,0.617198136282161,0.286207384896126,0,0,-0.77531893226109,-0.0747673629958464,0.368343416801489
684,154,0.850937611892872,0.741389014624925,0.560201226376891,0.805353329894764,0.55943557582149,0.787083248117771,0.347140994853585,0,0,-0.841583221738694,-0.121949939619491,0.313396495654061
685,234,0.70686521484109,0.68678964100728,0.90117900673268,0.751609546929007,0.713228996871414,0.735079559947259,0.446135764411103,0,1,-0.713025538256126,0.0856457011419933,0.642746998973526
686,196,0.754816147097502,0.751466958057094,0.774905204907449,0.747173361394163,0.595935421244968,0.387757231808602,0.894213127683115,0,0,-0.778078268892095,-0.0200490835871329,0.461793459711439
687,150,0.627250688877092,0.883316104126539,0.5147675629788,0.87718093010696,0.99354949735363,0.450423738121225,0.633060568447002,0,1,-0.818978241351191,-0.0716470961404184,0.51144705345154
688,217,0.685973890408039,0.725065138468308,0.909889427749542,0.765289495222042,0.477689245168564,0.72349329947429,0.0255984434047354,0,0,-0.777168143488277,0.0171102496825178,0.434644393928535
689,141,0.736305437352652,0.723134043647422,0.515420644718693,0.714651920246039,0.573645946366991,0.504227143992787,0.734102439482347,0,1,-0.812430955770126,-0.132759369925412,0.295668963516739
690,138,0.51341553103797,0.787390432210109,0.514019161570385,0.633682960943882,0.628614899174948,0.359734311636041,0.587592925821452,0,1,-0.792485098958609,-0.138169971281912,0.323120103424559
691,140,0.485637170583869,0.759476768523279,0.534163932242709,0.839952725355561,0.658125420493259,0.7109221902033,0.112346191630412,0,0,-0.841321015262579,-0.113295148808182,0.351546862519565
692,139,0.565673787205527,0.815251230498599,0.606341529529327,0.93776882677185,0.587198113008548,0.592246147908547,0.852442175269877,0,0,-0.890319931918647,-0.116130544391742,0.356042601978337
693,131,0.635900047202645,0.899816857464389,0.579368012458941,0.616405118559117,0.441561744646407,0.546389330504256,0.0303267595822239,0,0,-0.846260466916054,-0.190932833247518,0.255826750373691
694,212,0.656094736729647,0.790940012335861,0.870359427714185,0.668764946790677,0.490837319349078,0.67325364935461,0.486008687572847,0,0,-0.76869151540296,-0.0165683603953009,0.427204888369428
695,203,0.674060079555249,0.875326763815732,0.959513498546484,0.815226006785392,0.676821061522054,0.806033548289653,0.154970168040645,0,0,-0.782861093035536,0.0462701963957902,0.649418944630972
696,132,0.652732695150352,0.807419119350473,0.610698587254366,0.815837841848172,0.737635164436975,0.536509318303999,0.284922231955802,0,0,-0.815551745814617,-0.0728712502478728,0.450472752830803
697,245,0.745771819498385,0.610646452856857,0.912254605850901,0.810351734124356,0.447040835017002,0.456346024681471,0.10876521199141,0,0,-0.766206086270555,0.0441173886101842,0.407815060747693
698,160,0.643282655118616,0.962867471818688,0.742869537840885,0.656461097102205,0.582395766357858,0.686891135921801,0.56135590627011,0,2,-0.816143420750494,-0.100434627998292,0.43264407379475
699,175,0.760608750243926,0.671283582810609,0.538879762490301,0.574778362803212,0.365831097597504,0.606679699486343,0.898277052998323,0,0,-0.79331165528015,-0.160847919608101,0.197138974984909
700,220,0.804857629356615,0.833488972884959,0.819307585629261,0.633375494673895,0.400277053006632,0.884502849765616,0.627944470178713,0,0,-0.797971032775955,-0.0753437549808194,0.327950025881659
701,232,0.764880525544344,0.791178627748332,0.852871466019539,0.619295522333841,0.759952277401303,0.605000598790094,0.396091967990682,0,0,-0.698040489117353,0.0453590560021086,0.648141612932137
702,216,0.770427619280316,0.701265128112732,0.758226690257169,0.761049127354531,0.518982071365153,0.601888809649772,0.916712957127916,0,0,-0.788312841511941,-0.0325380089725833,0.39350605827401
703,143,0.787471119413595,0.846157195536943,0.564721239645977,0.947129816099017,0.503734114866371,0.709273858291905,0.605780610043756,0,0,-0.927563433444053,-0.165424588314045,0.284469353799306
704,130,0.815138491297722,0.876303440920167,0.386818858783477,0.632153718191053,0.443589095323372,0.646385598452803,0.765358844609241,0,1,-0.879947944286865,-0.269017687210963,0.171588627621782
705,143,0.752450674456857,0.808523491761381,0.641002543020229,0.821670146901345,0.787485766731307,0.603142729833473,0.858704266855218,0,0,-0.801410225940801,-0.0468058166936723,0.504780379067002
706,302,0.874381954840694,0.472268182695028,0.944112638299664,0.697076859611615,0.498068019266314,0.375205401352908,0.219953735595026,0,0,-0.674417498631232,0.112506753070368,0.470232311722208
707,188,0.65038241802224,0.554136099501145,0.621036680406054,0.651933609415149,0.638858484714893,0.658757891615971,0.409131920366121,0,0,-0.711824563659348,-0.018838490301195,0.396754552596579
708,209,0.684363162915227,0.607867631649515,0.658131148797745,0.545407580915272,0.461172875678515,0.360371134740119,0.367867355556392,1,0,-0.723710500366767,-0.064339153254577,0.303512234464661
709,154,0.610795869539899,0.66248137907428,0.625169969238779,0.78623044233861,0.845315567095137,0.687517319954676,0.453751719652721,1,0,-0.73998533141924,0.0044221321458174,0.528465907077928
710,195,0.590497328111684,0.76746652412202,0.907610905322897,0.854741404422842,0.814361094714578,0.698483974811289,0.0176754689008526,0,0,-0.745716626726111,0.0908194938481719,0.739123010433643
711,196,0.706670391531111,0.563416780369909,0.73594618031884,0.918693553523982,0.359450230365871,0.547313073158687,0.906957563353643,0,0,-0.839544758180211,-0.0429566098730406,0.26453602405249
712,143,0.725946237752355,0.957621073451066,0.630876215758097,0.682901885813154,0.436502419333942,0.529328806045335,0.397424440797894,0,0,-0.875331853298816,-0.186479150487917,0.275378994478651
713,199,0.83214902234572,0.944660540627473,0.812869153782602,0.719976503667445,0.670222294515827,0.659408593363566,0.93441754617793,0,0,-0.799782374456893,-0.0411592006673249,0.544803029389314
714,139,0.810671264762602,0.792503149348549,0.650936710830975,0.958048864584847,0.432117941750835,0.592401417334912,0.130188044906334,0,1,-0.915741402001112,-0.129776261946698,0.28128143169434
715,214,0.654308296450768,0.764646702711464,0.759712718387785,0.601838703528243,0.50370233704126,0.439969122171115,0.805169284469518,0,1,-0.757444124364129,-0.0546186904351656,0.382669071731896
716,221,0.795591163048142,0.652796415994967,0.895020192545053,0.862006408025462,0.521409442242666,0.772800993866644,0.947856704434251,1,1,-0.781730700838556,0.0432495214177615,0.46667197939084
717,147,0.846988420867507,0.738248054682861,0.500892707520247,0.851909039899593,0.7494064968445,0.511553120972741,0.538874591669758,0,0,-0.825786944247954,-0.0981269062706824,0.375372249237705
718,138,0.761766459181716,0.962134240701773,0.269384946755547,0.492079195481428,0.525658553641037,0.644299819389297,0.291875370203546,0,0,-0.862465235780013,-0.325364618113347,0.141604501484188
719,129,0.349901806424613,0.678176765926348,0.474277417234604,0.703325917205335,0.63875632744058,0.631007606689976,0.824800477078138,0,0,-0.789893976261584,-0.120844104759685,0.302947701220779
720,147,0.656635767158952,0.562366465594216,0.323350445811594,0.798592037768194,0.782955334996475,0.653114999840868,0.836942422212578,0,0,-0.785406909755972,-0.116223667779232,0.253168956621676
721,224,0.607518844701521,0.687483867044867,0.807756715321893,0.605671093079629,0.520652776171833,0.619399514353254,0.619827453576741,0,0,-0.72479358632633,-0.00600818219605139,0.420560776303785
722,191,0.748242050114018,0.642474858811235,0.665513694418957,0.759053508398518,0.517336891632731,0.602199176325114,0.907733570470706,0,1,-0.788858312601313,-0.0567509739271583,0.344294786009719
723,134,0.774779219773834,0.868502224972055,0.285046050710547,0.759574967534758,0.682988191484511,0.527680843436603,0.965142982717239,0,0,-0.886180416591033,-0.249872142624381,0.194683086664599
724,224,0.815622701234891,0.530905726262195,0.665304061047458,0.675169592626647,0.606490803056302,0.657814623641945,0.967446173069222,0,0,-0.711697608346483,-0.000672646523479678,0.403500794261292
725,186,0.794699993855559,0.561142951418016,0.551156092410661,0.714215819272964,0.490844891867508,0.612300181124654,0.862957329821057,0,0,-0.778667749772054,-0.0903465281238384,0.270532152581429
726,212,0.66407063887788,0.494962818604632,0.645155147358024,0.625558743029502,0.581943779970558,0.825258356512083,0.404224506863905,0,0,-0.694722917701828,-0.00534201187951311,0.375444025120991
727,130,0.556141308282985,0.556691452101718,0.559247851578943,0.826705067287027,0.480257695839003,0.321569346988263,0.231895326735533,0,0,-0.814564162925617,-0.0881760565553116,0.268583084602216
728,243,0.913759501308664,0.661507049475423,0.862809537091611,0.813740480491476,0.50524783120759,0.544998706762456,0.331200424822779,0,0,-0.777976813828815,0.0221626988055214,0.435932647360761
729,135,0.763585378087911,0.87361576437455,0.570228323961226,0.854799301635882,0.766200712611862,0.597131931334784,0.652377770637433,0,0,-0.847789526599918,-0.103065971821432,0.436909348170559
730,142,0.766454697326833,0.729279319414934,0.51568791053288,0.855656677380216,0.650346780458743,0.770485033429429,0.104941581846041,0,1,-0.843118586486713,-0.114576006137545,0.335375972336555
731,229,0.776050838363334,0.863729535215517,0.828012752044917,0.641988309029976,0.613097441392677,0.599938018813444,0.550965870727659,0,0,-0.761682598761113,-0.0252593024976443,0.507652499719248
732,163,0.739736258300406,0.949358575104959,0.68841568818897,0.676126128246963,0.66119099846157,0.655522936773185,0.369859599251575,1,0,-0.811837550897629,-0.100205309383001,0.455174256230274
733,166,0.598390514431797,0.743961035200244,0.669979377028349,0.702775366526021,0.654495769680399,0.617228662640623,0.00247796827345326,0,0,-0.768413662012078,-0.0492764951666286,0.438498668038164
734,176,0.761292226208778,0.648660864590174,0.595288976867128,0.714378975409744,0.574290091423877,0.700731406432453,0.415673325410434,0,0,-0.776835769905968,-0.0750292057166191,0.341868560948649
735,148,0.651565054969351,0.730114953655635,0.493898451353335,0.692904164144562,0.690250109919497,0.584089615541035,0.287784463590333,0,0,-0.786196517811142,-0.114162497909947,0.340913460335709
736,131,0.709014732592766,0.849689385451765,0.454033911679127,0.610249029544593,0.224180951450962,0.625527924097449,0.0403472366797583,1,0,-0.900349204586234,-0.288142277159551,0.101785754311229
737,159,0.764593033879588,0.768326783074707,0.554416685278071,0.629858817055262,0.564839719789903,0.696639946408872,0.663496845315041,0,1,-0.792248630047842,-0.131101333434499,0.313156565159312
738,176,0.886649740833697,0.634322305945464,0.63247969463251,0.923334815107444,0.62181348774121,0.492879348416156,0.207851524963631,0,0,-0.823272114773963,-0.0419306554735229,0.393284404844936
739,142,0.765862087624839,0.783836662072016,0.447173213686884,0.832712668475829,0.208954972303668,0.556955185744473,0.13304641726271,0,0,-0.958531965827611,-0.275627034303994,0.0934390664808852
740,166,0.634019104191099,0.763286337546767,0.679669304733374,0.734657559636766,0.533709602991686,0.677761004344484,0.655404570167928,0,0,-0.808292257377382,-0.0820108082456241,0.362746034794884
741,308,0.853004432533103,0.271254344426086,0.821436311355384,0.588375676912335,0.737588993803688,0.664007987194561,0.479281797300369,0,0,-0.554692088697113,0.179641627314138,0.605882382366431
742,202,0.856979121189888,0.59703926046191,0.546243121191959,0.655406000430841,0.364911697777565,0.594893065460214,0.782254295507348,0,1,-0.797639253448809,-0.13581536092403,0.199330504753474
743,153,0.718350234430475,0.791274290252999,0.593770720235052,0.791691068822592,0.817491853436192,0.739287504934285,0.857927613872953,0,0,-0.789204847367709,-0.0549075075981492,0.485402726601095
744,165,0.706163974718056,0.732310614764573,0.62325744078258,0.813736310144667,0.654461011092613,0.52546122351773,0.418310628009173,0,0,-0.809669386678658,-0.0665988352250864,0.407897694865562
745,138,0.763736334105172,0.903416593728563,0.597055363400784,0.710568008563806,0.328445218982616,0.542578560167472,0.388829756082089,0,1,-0.89877737600597,-0.21346488356077,0.196099979576916
746,199,0.919301186800003,0.7269914596407,0.615413679662191,0.699319646412377,0.447389844330744,0.637571826969812,0.838119754551164,0,0,-0.817279028794089,-0.122194022624596,0.275329830343078
747,144,0.511206297570616,0.858204567764397,0.8162162084172,0.995210669209657,0.372544558224913,0.592197741512302,0.589884157460819,0,0,-0.928259814723181,-0.0912307456864591,0.304076906780799
748,134,0.616595226922156,0.739331457719768,0.23827252871666,0.873324329593112,0.580960484105673,0.534846815912528,0.0601640029914578,0,0,-0.917770154435874,-0.258839182534019,0.138426923632314
749,139,0.60542171507969,0.89125652778481,0.404947676232705,0.81959780571924,0.503306851301071,0.725386842581765,0.0791512583617101,0,1,-0.928438513649587,-0.249908598088093,0.203812939866368
750,149,0.665316840559739,0.613273964789762,0.413666804422116,0.869548003829462,0.887328759605192,0.579621740735854,0.754803118384029,0,0,-0.783274387063021,-0.0641069906672726,0.36705845245772
751,138,0.743219765669384,0.965479745550378,0.544223206281075,0.658813023077545,0.696856848076443,0.609869337890885,0.230126799204529,0,1,-0.829646685478341,-0.159820798240556,0.379245668179086
752,262,0.767767324878849,0.667876856021605,0.904899852600995,0.691272649822093,0.527373943761735,0.516448310003462,0.341829470757149,0,0,-0.72763808631964,0.044718555161898,0.477220603975599
753,144,0.661240046347674,0.996506837646486,0.547787652633131,0.648588081620104,0.781978798440212,0.497028291148045,0.549952823585144,0,0,-0.815943350490745,-0.145361158536771,0.42835833040644
754,181,0.672541798439056,0.66246149088135,0.648007267844624,0.617004770489887,0.439023360426614,0.530073095118615,0.803641705093221,0,0,-0.768599888554521,-0.0907570811084821,0.284490328310016
755,147,0.646841595482741,0.877932729856116,0.726578987474562,0.847572270242073,0.636358438676876,0.585589945855615,0.303156679538545,0,0,-0.845751397251117,-0.0685187006820759,0.462364670044738
756,187,0.926771816784583,0.529067667661242,0.434133035115221,0.63433294672086,0.757750951524582,0.537454514232082,0.566938907779755,0,0,-0.708093848558671,-0.0636551207124152,0.328964720446813
757,139,0.613661579236543,0.768602875452487,0.526243954938489,0.622972156438789,0.418917441778975,0.643824431392971,0.745937778765998,0,2,-0.826730698449105,-0.181536053774267,0.220452771354482
758,145,0.81591325552896,0.776333187998048,0.561072886871622,0.783478224502128,0.632329087781804,0.649158646751407,0.50929978910744,0,0,-0.828331665032382,-0.113018046187122,0.354782706734636
759,176,0.623895484292886,0.719153992602206,0.622266812699291,0.653798246946458,0.690459501156165,0.854344933015217,0.247777464094616,0,0,-0.746783081294423,-0.0538079140864073,0.429650033082389
760,202,0.82182835720892,0.832316344795742,0.732864761196219,0.771385234116698,0.41927277379208,0.690830862232967,0.330568453137921,1,0,-0.85410135623585,-0.108490526202472,0.307270241241209
761,188,0.73955005178199,0.853850158906989,0.868222762147899,0.882804538472227,0.651977921871238,0.549913290521789,0.917149787600355,0,0,-0.820951294096469,0.00561916028213116,0.566062072186493
762,138,0.633589330741511,0.520486197377063,0.518947094592492,0.863380570240621,0.932955637572499,0.578772296772965,0.442902033638571,0,0,-0.726323068718697,0.0220061118185516,0.484154617501934
763,142,0.814635631111056,0.874851198777868,0.660182900975285,0.886926395506062,0.917162857702761,0.755188602289976,0.572190038827309,1,1,-0.809389247139798,-0.0243138805407482,0.605495236064991
764,158,0.604569298268038,0.648329204880938,0.650959822151351,0.75999668790767,0.672719145026761,0.646431679134214,0.868767814412078,0,0,-0.760004157503494,-0.0246696947423692,0.437913135004429
765,138,0.413895945160583,0.770628186092968,0.497847161226786,0.506711707922598,0.495697376867488,0.68190303513391,0.510006442493925,0,0,-0.778435753925872,-0.17485103392407,0.246781531901043
766,141,0.668397101565962,0.963853017686249,0.591191666679872,0.831429323974503,0.827898996634832,0.554229573506316,0.666994190610852,0,0,-0.84806898721186,-0.104490043143989,0.48944698766314
767,161,0.624200920038292,0.578243198135069,0.626659660556427,0.800200818704103,0.357421219927094,0.523880699314144,0.75482096482905,0,0,-0.825981257747092,-0.0964474488486581,0.223981460355177
768,273,0.996231363851405,0.726342997220618,0.85556005668487,0.60936912564911,0.431992928804482,0.703029661371746,0.600523546063679,0,0,-0.747020060078788,-0.019261955404264,0.369595894655425
769,139,0.800910139191908,0.992743353814949,0.539308631233178,0.797569313922436,0.734494388318766,0.700329194731121,0.757969459621972,1,0,-0.874826322304298,-0.160325279166299,0.396119163212645
770,144,0.499353779479236,0.611437337027098,0.468917053211116,0.96548371786836,0.543378892125584,0.666183704824301,0.789586108483767,0,0,-0.877641861745104,-0.128179326400159,0.25479962887265
771,192,0.914903079763522,0.773648230825658,0.674221339549442,0.761746167598783,0.645949590402747,0.520866031366267,0.0893093936032633,0,0,-0.796744420526224,-0.0584030607108419,0.435512998122753
772,190,0.644028021858177,0.764931297221268,0.759581801926568,0.654977799755988,0.739383092769453,0.582413871117496,0.847358146194517,0,0,-0.723953111122575,0.00634121832351285,0.56162194191986
773,174,0.629272986047489,0.928022187016121,0.941141609676352,0.916239064864082,0.648405330034209,0.633815496517282,0.611598522398715,0,0,-0.839600704489858,0.0151244122306193,0.610241236031122
774,200,0.81874630002636,0.812322774768213,0.689885007471222,0.626922251556028,0.755121171985124,0.595044249874047,0.397752311942356,0,0,-0.737490165093201,-0.0345968112813029,0.520946775376635
775,241,0.919785443363969,0.802228824574706,0.802146370433304,0.579775177853855,0.56160895445579,0.621642723029266,0.303462127392793,1,0,-0.740417165687614,-0.0318819063039801,0.450492584419555
776,176,0.870442427362549,0.880932977503067,0.727351024297484,0.75617542185543,0.388001834302523,0.472408753245141,0.531023860270482,0,0,-0.870403684341756,-0.133453284753225,0.282213531609243
777,146,0.737513435285645,0.801643820015472,0.538703663574204,0.695369681514283,0.847718511933908,0.562043254223316,0.222696967148235,0,0,-0.764613060647897,-0.0746176671739249,0.456669068058469
778,225,0.634701428383678,0.713370782730004,0.798315896597156,0.575818022939453,0.995505971816592,0.755377805047002,0.240011392516371,1,0,-0.621784280096468,0.105235788890444,0.794728242458586
779,198,0.79956748575001,0.723393498592249,0.73183583194207,0.827819360968796,0.644057764586184,0.545583843154461,0.629898588651852,0,0,-0.793945397961443,-0.0183968019751802,0.471344549964679
780,213,0.762924699093436,0.704591995544308,0.819896826622931,0.813048613882741,0.78350789407435,0.532757272998994,0.714159915016343,0,0,-0.737673913458754,0.0624659708755982,0.642395635985575
781,213,0.67724479875121,0.48774525251251,0.740714580113587,0.735170684139973,0.769360820910159,0.648567421773936,0.448406168230233,1,0,-0.670128807047067,0.0878569884308918,0.569876777416313
782,183,0.804405233498841,0.707688205784578,0.742357498388772,0.974183525397338,0.57597980664772,0.650709982584498,0.311061380587632,0,0,-0.849603607134356,-0.0267169266324931,0.42758292838545
783,188,0.613321027989177,0.727583704981213,0.748747652927218,0.668993561611422,0.307403848981909,0.418871529577176,0.693360782366616,0,0,-0.813180704040436,-0.0994026245129528,0.230167910425997
784,235,0.906359153943625,0.787315002554007,0.834823303402797,0.748692680917593,0.780693708313538,0.424312643406183,0.418550562404252,0,0,-0.73764038135413,0.0438598362443063,0.651741300520088
785,225,0.578827421100562,0.607933465261582,0.688188554411068,0.471544479679427,0.379295546624739,0.651776462924939,0.172943580123392,0,0,-0.711951325266112,-0.0722272682513582,0.261026853926235
786,184,0.906448665547403,0.833333247055705,0.709901493581944,0.831099723521477,0.539319028490201,0.644741041902356,0.584316771579731,0,0,-0.852058589524732,-0.0878746242233671,0.382863383842357
787,166,0.504754581345368,0.836928272614034,0.681891420727056,0.553044221013427,0.550075501417103,0.647389238524002,0.423873690242683,0,0,-0.766075130458007,-0.0986000230469583,0.375091765168456
788,206,0.611731685792376,0.81943271509263,0.951221972564987,0.800548612028216,0.599656151140668,0.536048687402844,0.666903916054995,0,0,-0.780791691346318,0.0391405558527213,0.570406106948754
789,210,0.727176112859755,0.501303800066898,0.63951508112147,0.762019193471156,0.633432847766163,0.497571123558269,0.118604244402494,0,0,-0.7305173941833,0.00362150026983703,0.405089859024181
790,219,0.74872660679572,0.667803442660398,0.89052558276279,0.893867714002852,0.569066104786863,0.754544837974313,0.0404702250344912,0,0,-0.786745407719654,0.0491608216806791,0.506767924595872
791,228,0.821345009098536,0.788983631589806,0.896585046550134,0.76914740823627,0.550691273015741,0.692110533845141,0.319012413969048,0,0,-0.782847731703941,0.0111848302590131,0.493741560651571
792,135,0.756507111770487,0.648488682896305,0.421754662942228,0.883279399116223,0.74763637130005,0.565564791832688,0.6198195257313,0,1,-0.826056900308719,-0.107162922546791,0.315319125781003
793,150,0.716600788208603,0.768502142391842,0.611952398617347,0.746636870723355,0.559296170958425,0.666463017222741,0.622445623561297,0,1,-0.820597502637192,-0.107019079963615,0.342262633355506
794,139,0.711419333977512,0.817223587463692,0.338338540261858,0.772424869849892,0.585846037440842,0.583323088015194,0.138523837442707,0,0,-0.887215997444309,-0.23617792424005,0.198214293125928
795,178,0.476469299073766,0.432378292326454,0.672264231897811,0.827406804680339,0.513353919432326,0.62107503885133,0.900493741264428,0,0,-0.752372715466723,0.00746747704401431,0.345109478338904
796,213,0.912828607485557,0.925798639117027,0.875238226895483,0.813708930666112,0.750494869281404,0.654936358670896,0.326977999554281,0,0,-0.796038094698606,0.012960507214052,0.656861798684013
797,185,0.823850308061953,0.724246061158073,0.793931460826414,0.91961959154989,0.651741945425208,0.547453202458002,0.718188651548432,0,0,-0.810721165500356,0.0109408392084755,0.517438434813284
798,181,0.854448490416579,0.651283450963847,0.657883000690737,0.861906574801099,0.763208657273588,0.550504670085286,0.622408805413664,1,0,-0.772978815046973,0.000992185240488349,0.502102001600297
799,234,0.860903183839432,0.689565768391227,0.716310213378723,0.638825522050632,0.545749028861408,0.714429705436873,0.387541235848909,0,0,-0.747558628146169,-0.0407614957242698,0.390925603314946
800,146,0.530504569530671,0.740082085334472,0.62130748617942,0.777899999428963,0.708583925963143,0.525958656480007,0.634241448697125,0,0,-0.788946349636795,-0.0557362728437309,0.440248497787304
801,159,0.690920250067902,0.770923230508537,0.661428504168499,0.816757303088529,0.613765874262151,0.744384485240785,0.241710561036466,0,0,-0.823056264989549,-0.0716252842300462,0.405962244122886
802,174,0.601198121606405,0.594166589166483,0.667402127384137,0.752181262035021,0.733822406684818,0.661268517617556,0.202811535873001,0,1,-0.726284090546693,0.0145277652619077,0.489754635343595
803,146,0.874126104452417,0.86273363643474,0.63277046973076,0.991025388963184,0.690877055283523,0.622112733193112,0.567663478373698,0,2,-0.893464834050981,-0.0915734839897828,0.437166598797959
804,167,0.622553368771427,0.689283257947834,0.626865162867344,0.749797048941937,0.384350910330076,0.6323785328743,0.983581814227867,0,1,-0.834608338027885,-0.122275101365334,0.240936196002275
805,187,0.649511817499167,0.512705485919252,0.538984072994351,0.570901999424802,0.697257916097215,0.757507027271803,0.498970314040798,0,0,-0.676741862048833,-0.0278899851385665,0.37581091154563
806,141,0.517477924823428,0.773328372462312,0.575407458067833,0.692017327975397,0.673096582975332,0.591571317408411,0.673249512986886,0,2,-0.786523583589789,-0.0951874593354509,0.38730479384398
807,233,0.779596410531005,0.448916263417816,0.828943789101003,0.964785211207151,0.503644378793486,0.478577259071564,0.486184812339441,0,0,-0.774502083146923,0.0696854079045895,0.417492879716494
808,138,0.818443406539845,0.671962503782326,0.48199445600561,0.914902046143854,0.601838070322117,0.491277025545413,0.39214074621116,0,0,-0.863055408931167,-0.125144446886536,0.290082613308375
809,197,0.608921408649141,0.796271759975598,0.792750524394987,0.71644493271031,0.644271146643164,0.595476307846811,0.300364817251322,0,0,-0.766852814165125,-0.0128618429838071,0.510746289353928
810,173,0.621043620979145,0.644099369536861,0.676089722524937,0.883153826943826,0.872456718737906,0.598348975761174,0.763753081285946,0,0,-0.750962281305445,0.0395362498211,0.589859020886528
811,158,0.839888151732708,0.654556347397663,0.495211088577169,0.764093890292286,0.460680256949602,0.729483594221339,0.087486706278761,0,0,-0.837475835216546,-0.150709478429929,0.228133971530022
812,151,0.665877232708479,0.827657264686693,0.660806753261883,0.721950343545994,0.662046586541483,0.541135756822303,0.593142595975443,1,0,-0.797853149663123,-0.0761944804652061,0.43748485536059
813,155,0.8098021121048,0.54880045519884,0.505565338932708,0.867758902982931,0.289342387890433,0.416326836029015,0.197678845281392,0,0,-0.876673348593263,-0.159193439228341,0.146281482401426
814,176,0.63146652592332,0.699016206385297,0.757996425532333,0.866972533664693,0.747120022786818,0.727936298306118,0.589815780159611,0,0,-0.772816576869084,0.0271728746227168,0.566314306716044
815,162,0.804071432854967,0.826677667569801,0.644232261540452,0.692706222750143,0.766626742206219,0.695218605243015,0.232515774014776,0,0,-0.768668725609799,-0.0561572965418314,0.493885679888902
816,171,0.85548312170906,0.919728615754418,0.621365120022222,0.65857403309427,0.619815748451992,0.59244169156277,0.433999558591811,1,1,-0.819251813230225,-0.131953231355731,0.385131886928536
817,201,0.759444902765686,0.879060241831024,0.756017411474523,0.582718675837636,0.321252351042637,0.698415881032775,0.186590228513965,0,0,-0.822929764511655,-0.137463205172424,0.24287237086536
818,211,0.866495360080108,0.744185997794893,0.706789885373103,0.642756121850913,0.655325751054171,0.58921162432895,0.56196692236746,0,0,-0.742110575076025,-0.0327677444630634,0.46317761246962
819,140,0.907718104082265,0.983284818070704,0.6736819542469,0.96606360497279,0.467993035501341,0.580464461176395,0.544482991877941,1,0,-0.959236561257226,-0.166894216484943,0.315278462730482
820,205,0.694037392647238,0.698899501845809,0.804442294762137,0.723861650134778,0.598346773960684,0.525823162515755,0.903510168450702,0,0,-0.750017281745533,0.00927922000385053,0.481335451908454
821,172,0.839999464237531,0.618911276090923,0.605128431282187,0.824843010396459,0.699133056332153,0.669608319162834,0.235907830890923,0,0,-0.775580034214244,-0.0294747273709656,0.423065289635796
822,187,0.843409633159573,0.668713806047747,0.643112022331022,0.75512184389974,0.492818874774564,0.821879634322994,0.175758831868053,0,1,-0.804270749475966,-0.080838298406954,0.316937743199169
823,218,0.32691657397687,0.466157945069125,0.908295553905457,0.778973734704672,0.574650676765224,0.440240056018157,0.21270119128514,1,0,-0.689302081822519,0.118253252728484,0.521952654754615
824,198,0.680396566077959,0.537391251358784,0.621432975354027,0.702345518795741,0.705224778045565,0.729414262073422,0.268539942468157,0,0,-0.709107012650499,0.00350515332211117,0.438249932114239
825,202,0.767146317794944,0.556969524286801,0.690203662129784,0.743573628896807,0.729659540977162,0.784051922460329,0.451079859001034,0,0,-0.709889540380888,0.0346038717815974,0.503613687290374
826,138,0.626957107729911,0.829594167925303,0.382711991818584,0.805361026643334,0.857692945312847,0.672866492685738,0.63595372555098,0,0,-0.834538945322501,-0.149642919421833,0.328249375469427
827,176,0.730103903410428,0.799883432445091,0.709941144986247,0.755187572770761,0.488312619992043,0.563374487647476,0.357233299218273,0,2,-0.829248775268832,-0.091169828880795,0.346673220548385
828,214,0.82274756087198,0.80230583767273,0.683278233161667,0.604704717522261,0.625464793381226,0.499863176118869,0.25475101758149,0,0,-0.756683972935376,-0.0681797907323427,0.427366478926351
829,161,0.492885339412076,0.865971057193041,0.869238270705215,0.823142710270801,0.514186526718127,0.706839295367838,0.651091175884819,0,0,-0.834523158809926,-0.0332445748909207,0.446950607304385
830,214,0.795023737259537,0.714167484892737,0.822525861841318,0.813296809981197,0.499122664063064,0.643701100963002,0.370035553911296,0,0,-0.801172616903011,-0.0129322551335049,0.410541299423006
831,144,0.702856915739171,0.721742948596966,0.556088813058764,0.846096469545283,0.787950727983289,0.612715728456714,0.757179805548013,0,0,-0.800846507488079,-0.058711953192131,0.438170585073016
832,199,0.913761082298844,0.931435097592529,0.746420444772262,0.718916812052473,0.317006159174117,0.637794077199851,0.811840941876655,0,0,-0.884122357600964,-0.158347864046454,0.236619878326291
833,199,0.881640772210426,0.934266685562474,0.858687729336137,0.774733478327552,0.661830502755942,0.662351734201465,0.763970392012638,0,0,-0.807943439913635,-0.0198913782657244,0.568305731616894
834,131,0.66037593533058,0.724378321830663,0.410363441368396,0.74646948204923,0.350934752340898,0.654157434737736,0.669928580695589,1,0,-0.890418785950653,-0.237560074512528,0.144010792666377
835,162,0.869689526324632,0.862629430058904,0.59161201297567,0.645700448824246,0.698510070522462,0.533416454114814,0.920339593412821,0,0,-0.787823908051491,-0.107856325596517,0.413246948905571
836,173,0.628937931739689,0.787325557676015,0.686722573392247,0.683498355467125,0.611193747564698,0.432465292523051,0.365857676935776,0,1,-0.780429879328695,-0.0659102721388248,0.419720543168881
837,154,0.646266949569484,0.708785595391364,0.479873908447775,0.620833501307653,0.686586205818238,0.576581984476557,0.146353742809748,0,0,-0.760383853256564,-0.115025719297406,0.329474806072326
838,218,0.760874362161793,0.647068511314826,0.842222347477634,0.856264632923702,0.382741438694249,0.491981228026011,0.518125755598836,0,0,-0.817903725901747,-0.0144699944417506,0.322353392974037
839,146,0.641347548878484,0.482965640684172,0.450248893102919,0.76745459793035,0.422295899987613,0.578580611755604,0.56287104699768,0,0,-0.807612288796782,-0.129802485493521,0.190138261531324
840,205,0.84847508781679,0.5926831576759,0.61524582020706,0.668342957272355,0.421931631380343,0.550570327837691,0.896720596039715,0,2,-0.775592403985787,-0.0890738518244475,0.259591672619902
841,227,0.9052039031265,0.511963894681575,0.697645208937163,0.775250039411293,0.540280403792311,0.449214022530202,0.348994045599287,0,0,-0.747075888793341,0.00214793245701986,0.376924035188342
842,162,0.55525028806782,0.633489580762011,0.67415642952425,0.768644087149899,0.621954878200938,0.454473595664048,0.57243519457377,0,0,-0.765339889765538,-0.0231242720147601,0.419294880013134
843,200,0.546645404054927,0.659077966350733,0.825038839470809,0.703335534780452,0.631690527878472,0.495580713524193,0.357010445678901,0,0,-0.721374094780836,0.0388768902960428,0.521169220025558
844,198,0.652279913215382,0.920180374850715,0.984038582812035,0.862183032963393,0.356913714061187,0.746654726931047,0.531439109944538,0,0,-0.874828237676048,-0.0390586669123333,0.35121686537095
845,143,0.65396471267288,0.944815332657783,0.448557558004869,0.603033273126774,0.671888062954406,0.612413784850535,0.423390909011999,0,0,-0.828942325324342,-0.202689463871222,0.30138046877145
846,163,0.632244529350918,0.935476771024535,0.71834510991462,0.59577045173609,0.649819203943248,0.571851732289165,0.71917210927083,0,0,-0.778956172164902,-0.08573846005993,0.466794447481243
847,203,0.801570756195752,0.795951385258804,0.731355153788841,0.702079151871814,0.190676403057599,0.625956715747725,0.822556688838466,1,0,-0.871154702087601,-0.15765238574819,0.139452170082094
848,225,0.727143662697896,0.751721045637122,0.954611012557196,0.889483185816666,0.468311614450709,0.541693323586146,0.766059766508308,0,0,-0.818437399548029,0.0266572254349754,0.447055424463086
849,204,0.666927750115578,0.61895594824791,0.778934663985779,0.787190550435708,0.661870882858831,0.510806658419775,0.279996266269628,0,1,-0.739366158457835,0.038098687476218,0.515554173741614
850,139,0.523462245917569,0.66924443193548,0.213446979918935,0.897303769904583,0.830541034175009,0.651679177657753,0.0651379261402819,1,0,-0.856936010851655,-0.184400165082651,0.177276475443404
851,183,0.664146727621954,0.79681784664554,0.765900432484397,0.693169574051194,0.907001025832646,0.719592995441149,0.166883420623588,0,0,-0.707853272972692,0.0431581332398878,0.694672477949016
852,155,0.982108656909022,0.847366042290225,0.515865757354676,0.823144135873074,0.430584074820795,0.542637115209234,0.685901056151841,0,0,-0.912616145827867,-0.206461138011856,0.222123579862292
853,174,0.89707102319117,0.88839349795185,0.61854203137159,0.663347234845021,0.806803960894494,0.718844000643675,0.674321166634272,0,0,-0.772363308706104,-0.0754450326257135,0.499042160890325
854,241,0.811201253029233,0.758863259325291,0.856897307290495,0.738075414523331,0.638741105197502,0.456379809660355,0.340382182306038,1,0,-0.752830449424527,0.0252981240468935,0.547335533099494
855,212,0.775449402304574,0.577682242269645,0.710235375117961,0.707051200306302,0.299050577112626,0.535827272452669,0.0139311395439295,0,0,-0.792874199789133,-0.0742696072945645,0.212396298814829
856,186,0.810509691896675,0.680937594882986,0.628195451111577,0.702612072659577,0.744089000537243,0.592239084669254,0.308060218372947,0,0,-0.739325212505916,-0.0259456422949729,0.467433325359655
857,150,0.546375211327315,0.854883048351789,0.629978420740027,0.503440855855884,0.482013196084895,0.513550481061269,0.161878786663137,0,1,-0.779265031526722,-0.144638183901471,0.303657912045415
858,207,0.866046938395841,0.665636942534883,0.727484690708001,0.847795458287914,0.751892540194576,0.737717374866486,0.235220630200291,1,0,-0.761982426745446,0.0247395751695919,0.546990312049104
859,257,0.837561164535258,0.577723642720123,0.808040868728709,0.696230972097967,0.503749955746493,0.535456588731324,0.813117710597448,0,0,-0.727244402735756,0.0222574434521841,0.407050551863445
860,134,0.623725429136804,0.678672881318399,0.40648431774412,0.812291142934081,0.468162974090973,0.617994708706327,0.4013408825287,0,0,-0.874494344848366,-0.195349274777072,0.190300907116427
861,142,0.808572042313491,0.930465066763729,0.614502600252536,0.867735369154492,0.483758162800627,0.598265623324823,0.448655339820875,0,0,-0.920371822642342,-0.17345859968426,0.297270648934375
862,139,0.809851047194435,0.906491592658589,0.387948313581325,0.626497827928768,0.621027159996806,0.530217821207035,0.928575228650697,0,1,-0.848054508483501,-0.231457883641302,0.240926439408961
863,246,0.710651944234674,0.709045976998346,0.86527125967289,0.619026618671053,0.669806657849225,0.547571598484659,0.460645143715379,0,0,-0.692335973109208,0.0518345890752773,0.579564450574488
864,241,0.839532968112933,0.347235545254077,0.705285187254909,0.806259843110745,0.5162694352276,0.658015191703022,0.51754064763646,0,0,-0.715238495071596,0.0481268122822035,0.364117185298484
865,175,0.823864133711577,0.736619139429472,0.568066706283595,0.608228169344846,0.526546390042212,0.597561105308282,0.509281967604738,0,0,-0.78220747892274,-0.125567700360635,0.299113473496797
866,199,0.781078926083112,0.571507463623774,0.631684678821408,0.754141528580294,0.336391410183579,0.687210420175352,0.14838814103242,0,0,-0.812837085492109,-0.0976705071054902,0.212493299900095
867,199,0.758669809242569,0.856074790534441,0.792453278263149,0.647934144451846,0.708300125585464,0.513419885084245,0.437210513905743,0,0,-0.747543417934683,-0.0141132631859071,0.561294756514401
868,279,0.868340213451954,0.50328129371486,0.786438408431853,0.584233926121508,0.548362588039714,0.815995751823226,0.569884019678563,0,0,-0.66482520925663,0.0462795802867165,0.431253400981524
869,214,0.757043364506977,0.674037885439081,0.849542569881588,0.873465539382133,0.690339402491142,0.55785975243868,0.783536102966692,0,0,-0.763326089099588,0.0605401323149777,0.586472710082844
870,222,0.707453079886588,0.628206264955251,0.83306699814618,0.84271350791716,0.437953824823133,0.623710343638125,0.0480723336546314,0,1,-0.798100598618105,0.00136409747681792,0.364844878172045
871,160,0.759289426688837,0.520677891836701,0.497140035816861,0.803927945410605,0.624344962697846,0.529830538468789,0.86721859825756,0,1,-0.777664292294017,-0.0677528876298648,0.310386877117684
872,155,0.550264690279807,0.790755707082721,0.776534775572733,0.922129980557353,0.67210463964562,0.5737395871763,0.624509565696549,0,0,-0.828776154727414,-0.0112183656396164,0.521912625508604
873,183,0.851317212520797,0.805242571213493,0.653310927868815,0.73428255492605,0.723941805472025,0.736983596570746,0.47259304977257,0,0,-0.783682823450089,-0.0568376591473329,0.472959092655954
874,165,0.623507518744716,0.587259241217136,0.556612100312564,0.75427727222536,0.549600847959789,0.64123580281012,0.375505550669136,0,0,-0.785180492053126,-0.0804267700099183,0.305914482316464
875,140,0.636607172190424,0.891286637342023,0.517671391487697,0.829664224266414,0.648681318790746,0.504982545953548,0.370125831659064,0,0,-0.879577123397358,-0.162128413679578,0.33580376093048
876,212,0.776606052538069,0.874217612253433,0.829116259410443,0.729756462482944,0.452384195064617,0.56359406978346,0.226376695733129,0,0,-0.827354290598057,-0.0695428303574009,0.37507909162838
877,161,0.736778403888995,0.904738996394773,0.603086290798461,0.663426116283158,0.429228053585372,0.629701202377218,0.480014337652003,0,0,-0.861092648265777,-0.185047411351076,0.258861554743445
878,144,0.867156363037307,0.697926043454679,0.339826490175963,0.788076089783041,0.754650362593899,0.541593509047452,0.712024454016775,0,2,-0.822603749372337,-0.156405108421059,0.256450184030302
879,141,0.967291070860298,0.854543308239972,0.242773069791638,0.796704316426642,0.772736989350825,0.618543260147641,0.13004133571356,0,0,-0.882784238536427,-0.241255951961643,0.187599731046248
880,230,0.668712165560862,0.709584255910089,0.88120647921878,0.700079676341527,0.679501876800555,0.580447770980491,0.614486425922161,0,0,-0.713641319749547,0.0612709941092051,0.59878145647797
881,148,0.594033360168792,0.577769577990973,0.572527044182033,0.863651856980835,0.265375085424144,0.645426008790202,0.779354962098353,0,0,-0.876168702681733,-0.144229870213866,0.15193441325744
882,206,0.635382418035205,0.693977480404627,0.764327081642617,0.654311668445658,0.808221613545621,0.519212595898615,0.195328530440215,0,1,-0.688386340235262,0.0473206085664347,0.617745667201812
883,142,0.814166455983511,0.780967727605629,0.393515391336764,0.776946092402164,0.70964257788245,0.666031085291335,0.421508325751843,0,0,-0.841786250014635,-0.168817002949138,0.279255276744642
884,186,0.618697475542441,0.941490312707792,0.848933349498901,0.633058435803799,0.526403588245082,0.701748606792916,0.293050463055967,0,1,-0.795141574633878,-0.0614776737022203,0.446881561357138
885,207,0.791758779066126,0.71075544138628,0.651864444630968,0.601496244777238,0.485929806984539,0.484597822056371,0.539494939392107,0,0,-0.766148130029537,-0.0911911683935871,0.31676036375961
886,146,0.75799587900524,0.85458862018403,0.458754054112883,0.923303228665488,0.618252987273448,0.781129828407536,0.447714705714651,0,0,-0.917098038370845,-0.185329237081611,0.283626064379095
887,199,0.655462006341196,0.773102880695375,0.882815335039709,0.795808255944919,0.521660541163866,0.70955284831126,0.866780975333383,0,1,-0.795858363547529,0.00224388011335449,0.460529925424575
888,155,0.751858040510979,0.800508695164159,0.686106465338176,0.95762879449528,0.535041925791797,0.505822245828802,0.468502180046741,0,0,-0.889161486957115,-0.0898332776560214,0.367095724512741
889,192,0.690834167363146,0.865373222449153,0.848423648070472,0.714744557710451,0.660917874651612,0.686282416321547,0.53064243957974,0,1,-0.771575687600554,-0.00427692148838033,0.560738354286904
890,207,0.679477974882756,0.797992385292346,0.777330328238251,0.588574688923589,0.631650271135665,0.54527455702355,0.525641147434449,0,1,-0.731582517967681,-0.0234971572418559,0.491000912593666
891,218,0.863455831874488,0.478788174993986,0.722197098804987,0.850575376901663,0.621441154992783,0.586961290550243,0.617098968736067,0,0,-0.740211210911814,0.0439314026169417,0.448802999213808
892,155,0.72468399398822,0.914630828250441,0.656235406646489,0.761747243638559,0.77969266867504,0.58422622204131,0.77166378963825,0,1,-0.810300381287834,-0.073495298722977,0.511661935487251
893,195,0.840193348313562,0.762378594158871,0.701520105196674,0.642163239683255,0.491784936016004,0.71922284705959,0.17276029723802,0,0,-0.783154036332675,-0.0828997384740313,0.344997020048087
894,236,0.819164554059069,0.496730817300131,0.786974665101606,0.794716709965533,0.485661369563638,0.6015058705761,0.318114121546962,0,0,-0.744419237931821,0.032202927028285,0.382203193665131
895,152,0.642406191897565,0.741462320037643,0.513279348802537,0.948795165727191,0.635161973900076,0.566884761819745,0.575050344830031,0,0,-0.880298468011032,-0.123193057680376,0.326015524347565
896,195,0.750545195794332,0.483043981296467,0.654567474448746,0.857425888374176,0.660999388181839,0.633957951692947,0.408446734219244,0,0,-0.747568218327129,0.0228686503809661,0.432668700134352
897,182,0.895658790839073,0.713975768786813,0.556750560504387,0.620139048811607,0.659243087682415,0.56061687795971,0.791242054557865,1,1,-0.753293444763076,-0.0894851040912945,0.367033958575828
898,242,0.832589283567835,0.674889119967865,0.839790473157706,0.75605651273951,0.581366302449618,0.555066205276917,0.786852417219504,0,1,-0.750901184842526,0.0277013642702545,0.488225882212111
899,158,0.837153040699553,0.743869947142676,0.467469584580493,0.620595027506679,0.755100403993727,0.752198185784568,0.257487348421407,0,0,-0.757555599312774,-0.113171175341459,0.35298647217151
900,159,0.463785292986413,0.626187725883413,0.591650555446703,0.67947911013219,0.783455023384296,0.48636867410732,0.531082425692724,0,0,-0.714957898245182,-0.015759628815437,0.463531599752829
901,174,0.865959552503293,0.881030599814686,0.670419531338591,0.771687584249339,0.507068069427896,0.710985449842031,0.303525662646181,0,0,-0.860307734120721,-0.127916071720708,0.339948337462614
902,177,0.910788488045146,0.559491011098122,0.308465593638759,0.503413884566891,0.711901517166678,0.530270332493671,0.354024868290971,0,0,-0.707297252487266,-0.14040853129456,0.219597124105153
903,202,0.748459369083682,0.812013284330803,0.708532518412282,0.606532508998368,0.55154131188768,0.658496856419685,0.308166788448051,0,0,-0.771222357223774,-0.0789972914994547,0.390784954720192
904,218,0.80571382533157,0.715694725248812,0.769463616750259,0.774299104806556,0.464741430457282,0.444245849970438,0.544553155036501,0,0,-0.806197581969404,-0.0458816439920897,0.357601621933349
905,195,0.670245109113612,0.799656370807881,0.691443885137073,0.516292884328407,0.617961047182781,0.473800557498289,0.987092723403002,0,0,-0.727495137895917,-0.0657110005384702,0.427285387327437
906,139,0.688647592605961,0.750918136967169,0.567414465985135,0.89944671508354,0.366794208140178,0.484602418574453,0.52926914448863,0,1,-0.914781768867373,-0.17151155729387,0.2081243397383
907,226,0.725481676994188,0.514224794832681,0.624324151131269,0.520152947414761,0.626843966153603,0.660002827393613,0.691036971187766,0,0,-0.660177736353424,-0.00866669563003667,0.391353827060607
908,205,0.55418052734899,0.511279913792028,0.750407313146717,0.880292170004437,0.610324145218543,0.624972851416089,0.315229819924294,0,0,-0.755996126577376,0.043959906072377,0.457991701962013
909,181,0.871195780355869,0.602711827600139,0.56860160861795,0.695843167673592,0.446957989195192,0.700979454452875,0.326354663210813,0,0,-0.790475204089228,-0.106287755297014,0.25414103164103
910,205,0.789591166319786,0.833851416216305,0.778607376607068,0.674187275614632,0.83652373220748,0.448696610304735,0.422587670172995,1,0,-0.724809807840173,0.019560863518768,0.651323548603619
911,187,0.633944243765149,0.527875094937793,0.653905472114253,0.748766226000159,0.753648100142491,0.500916273864619,0.931733885228822,0,0,-0.705044667500272,0.0333111706246715,0.492814616731686
912,183,0.794263974480874,0.817355017352576,0.661884449908027,0.655876011165046,0.728086588262427,0.704673357403924,0.315818194005846,0,0,-0.759230167880647,-0.0555415045217516,0.481909190957489
913,171,0.636421754637688,0.792345525752203,0.704920704941856,0.731122013270472,0.570903740229206,0.635780724749399,0.777195975762209,0,0,-0.802524321841668,-0.0697551690781821,0.402441867016314
914,191,0.753628658878063,0.84539779747224,0.90481136157692,0.949072847867783,0.463946617249877,0.518204918383064,0.609880410549067,0,0,-0.87376463352773,-0.0243636933372497,0.419784170452867
915,165,0.727239234757245,0.796944951779935,0.588892790778548,0.639049396621385,0.468343112503489,0.623824288499156,0.491571010704973,0,0,-0.817561990718407,-0.149275716198981,0.275803882564091
916,232,0.744888958347978,0.683520330871754,0.80830194919895,0.662846454371791,0.410609914871733,0.661171789016671,0.422849730583098,0,0,-0.765768912290885,-0.033121105647574,0.331896794551237
917,149,0.608145773647715,0.855039247631968,0.675316590137819,0.722555259732927,0.543544773336552,0.526751400275227,0.377064218611997,0,0,-0.828476015436944,-0.108581536520224,0.367064802916874
918,225,0.800763789496116,0.755522200038016,0.705292038019186,0.551091548695693,0.256397523814283,0.673638931130239,0.412401400841197,0,0,-0.801834651287133,-0.140218165828664,0.180835132114048
919,172,0.572249264750192,0.681892709661412,0.701634821833326,0.732099575963035,0.551584313537297,0.483125512598,0.234364993271293,1,0,-0.777020947963186,-0.0434975415011224,0.387010761554799
920,192,0.677523849763996,0.614598102609353,0.627318119206761,0.664003020639517,0.711582775726706,0.535471613245348,0.432340439082521,0,0,-0.715643892149895,-0.0151069614928427,0.446388768528804
921,171,0.796981361082789,0.846911461746395,0.764447674032339,0.90375576803895,0.859299583984463,0.505193305816026,0.542770930314145,0,0,-0.800303248862808,0.0153028697151168,0.65688956827388
922,189,0.603372005612344,0.694764527174436,0.670375545289016,0.590380753857207,0.684266044584967,0.732476889389077,0.0917763628702519,0,0,-0.711992710038207,-0.0268054578456493,0.458715222761405
923,140,0.424531428581176,0.884320081230239,0.682963724594349,0.785715668962564,0.665410858052619,0.517840178996676,0.295389276237156,0,0,-0.829330366192143,-0.0822637017904218,0.454451478001139
924,136,0.597187358117411,0.802874631773813,0.582165525246234,0.762660662476601,0.757573088833772,0.487335221578526,0.516402772223709,0,0,-0.798086272881687,-0.0790370047925664,0.441032935173325
925,209,0.817762835532887,0.885574926797144,0.813625322287201,0.681669364779952,0.918849483366194,0.449921117267892,0.350057717820201,0,0,-0.717353980125453,0.0411426235789861,0.747599207037248
926,167,0.686042699995184,0.839797090939751,0.64523904774151,0.550145365301945,0.885833986991103,0.560531592101735,0.265760318445167,0,0,-0.700382398730505,-0.028691490580821,0.571574678223204
927,135,0.603970278426427,0.777793536446276,0.692672950767281,0.915981360725626,0.356011153893159,0.574357813122541,0.479096727769546,1,0,-0.906764010270147,-0.126599807596694,0.246599296473239
928,283,0.770009587503809,0.554081252874662,0.836535707260513,0.51608544803976,0.571243042271404,0.801399035994777,0.857448897512425,2,0,-0.642698859717739,0.0594251762973589,0.477865202384156
929,196,0.691164725859528,0.649397291089182,0.644430385742113,0.613083372372548,0.635013845454864,0.72918143837212,0.12936412524486,0,0,-0.722162209140851,-0.0376635845045946,0.409222217378061
930,154,0.508159351854829,0.638744751627554,0.615530192608778,0.793443063701481,0.589172193381151,0.463605910188467,0.822117143699035,1,0,-0.792691336129009,-0.0592366795572978,0.362653273671636
931,162,0.879547483266532,0.880868559379998,0.61871473618539,0.742392335708126,0.40473235651599,0.709901699501135,0.691447625479025,0,0,-0.882385281434801,-0.177379449822347,0.250413873187482
932,150,0.800220929011652,0.739222269566308,0.643457727212342,0.878839706817491,0.790304044336961,0.598860780383459,0.672765868915461,1,0,-0.799629005355312,-0.0244502636897643,0.508527244175783
933,147,0.864315483879937,0.664910510157938,0.490857561890966,0.82087715736488,0.536072812880951,0.683343231809045,0.146444399413917,0,0,-0.843253836376622,-0.136166061052046,0.263135393926776
934,148,0.712961667455453,0.705122422686621,0.51714686805693,0.724059329712856,0.506995576846841,0.712794900332197,0.0311816509781881,0,0,-0.824519215996773,-0.143935108403034,0.26219117468506
935,217,0.619242198105012,0.518079998632054,0.779239738799468,0.725585354728066,0.506809501081294,0.507587927646313,0.539066913824224,0,0,-0.724869577598994,0.0279223475594904,0.394926103243676
936,133,0.610542528405686,0.891754767447652,0.17300468300832,0.754666290061507,0.760893301546012,0.621102268887239,0.408965313640112,0,0,-0.894938699809314,-0.286360327135529,0.131638104437122
937,258,0.994748705571577,0.627644401394378,0.774017642725374,0.605807079265904,0.558946744100686,0.713666013893081,0.373162827889127,0,1,-0.706247411685672,0.00665495223163924,0.432634641277836
938,186,0.822121728431737,0.812905776471877,0.707718923656964,0.703416477213666,0.384881960297622,0.559935259451491,0.714472620103976,0,0,-0.838816545691239,-0.122831311326226,0.272388246676815
939,207,0.631196591826684,0.821436534124146,0.754045049637907,0.465274816920687,0.738600702287762,0.702574674384718,0.356166938512495,0,0,-0.679502743721315,-0.01306469486385,0.556938203219168
940,162,0.592719715506155,0.72220369180701,0.659370409812551,0.716850883308024,0.433562135634393,0.711256512114111,0.142111395664453,0,0,-0.816480310544039,-0.104824061750545,0.285878043052455
941,253,0.716776415681131,0.590263141030494,0.963401349375412,0.825466024852834,0.589390618647729,0.631071756564259,0.660282719407618,0,0,-0.725342126259773,0.1097942738813,0.567819717314431
942,173,0.811405577247485,0.796732595687124,0.626272569846471,0.695310277310351,0.696812336632991,0.677762217065201,0.0596198503084313,0,0,-0.779570138382555,-0.0733667989225334,0.436394452763868
943,158,0.776915715058114,0.799370703704746,0.579762243271735,0.6937290938603,0.577358353018905,0.4543088348761,0.80637590313768,0,0,-0.81410491963425,-0.125789268120179,0.334730573917914
944,183,0.682567684876915,0.647704890368737,0.660955022874272,0.709635021008827,0.402157458189717,0.619288184924611,0.485133189031833,0,1,-0.799990135056543,-0.0901880237455782,0.265807991976843
945,183,0.818548387988466,0.718000123573809,0.545476169552447,0.615359503056738,0.505370516346575,0.558813924638804,0.281432019964143,0,0,-0.788086931154441,-0.135581234797595,0.275667573461472
946,154,0.461859304670247,0.718517454295257,0.524216796996975,0.752610167616262,0.913717991246607,0.842786918081189,0.816280815865458,0,1,-0.748545757782153,-0.0393152641360039,0.478986318729807
947,150,0.645611010604572,0.885698159375301,0.804096678530372,0.891482557801934,0.8809322966084,0.66476761057554,0.231803542413178,0,0,-0.795099819810984,0.0270407756896612,0.708354733712947
948,130,0.63309179990119,0.835006707778507,0.613126836015434,0.809033133246137,0.729179493790469,0.641255359378674,0.407548452849916,1,1,-0.822365870660465,-0.0821583397596138,0.447079515915086
949,170,0.677770104926121,0.688427453850721,0.615986350067556,0.688451436843692,0.766758250905078,0.467654747911526,0.590892505260945,0,0,-0.734195732762288,-0.0277139138392428,0.472312616359202
950,209,0.888006722719395,0.963871192626826,0.792618359947485,0.59880326723348,0.421647172651177,0.53059205343496,0.423642364663175,0,0,-0.823231836041533,-0.120297000484687,0.33420529046327
951,153,0.788335978305508,0.745418143036029,0.683521710733526,0.911845031891519,0.824825309541323,0.60436191743401,0.833039568053158,0,0,-0.797176267415225,0.000470094492716221,0.563786006633995
952,129,0.792793816436842,0.732546201134508,0.40150393068967,0.737622578917953,0.562431818333996,0.493849652622946,0.973808398250375,0,0,-0.845904817734557,-0.189085174535632,0.225818585806038
953,155,0.612696586189614,0.82276534504339,0.719397959704631,0.721167010476739,0.795111863350418,0.550883509971312,0.6260335572734,0,0,-0.756768335806633,-0.014206081497727,0.572001852231238
954,140,0.563332805597152,0.9047660488403,0.408690456855709,0.896530794638807,0.574032153239633,0.387643102761688,0.860952027709349,0,1,-0.94111076829103,-0.233911771695424,0.234601462957372
955,173,0.659842453419179,0.663202330438471,0.694887484965487,0.837482395258434,0.371492334245253,0.578740191705149,0.856887090693062,0,0,-0.845926611527695,-0.0876489808964871,0.258145373827642
956,234,0.891264341553546,0.67579581405005,0.708351963485634,0.642708731317895,0.517377269211739,0.686014435220377,0.683254439711749,1,0,-0.752580041227457,-0.0475741505959488,0.366485204508971
957,184,0.729936112613395,0.585890403523855,0.55237946689665,0.610961580727515,0.755979448671701,0.699090629841916,0.715540136265629,0,0,-0.694830070377594,-0.0283967957307085,0.417587524842098
958,216,0.72762730512002,0.594762593270411,0.846025815179931,0.862322842780579,0.214189422763475,0.594007706141784,0.378117044099696,0,0,-0.840977610406335,-0.0409801853577702,0.181209780996388
959,238,0.73516423616118,0.638960889049604,0.764646940397549,0.565798053244567,0.600159101025281,0.630218781531024,0.462654549959252,0,0,-0.689308683413912,0.00982184739076757,0.458909820350725
960,166,0.973810066762816,0.771618210117316,0.56012091863367,0.805715233829398,0.879115578249426,0.752883153613964,0.790341189708753,0,0,-0.781231978052816,-0.0480624299847596,0.492411025274238
961,172,0.613253394222296,0.774074105999498,0.610450332585113,0.590019837540186,0.745705864236595,0.372924668376821,0.699322860785965,0,0,-0.731668683169249,-0.0610091780488318,0.455216392833899
962,192,0.630697153202848,0.381048354193862,0.54471695031422,0.735309623158401,0.714994249015579,0.577165422324243,0.328679764095837,0,0,-0.688520762643495,0.0182657893825482,0.389469486815972
963,206,0.662399583188246,0.884310662161297,0.904910086460601,0.720101423735694,0.277000703083305,0.672856928877298,0.558472648282145,0,0,-0.850812168256299,-0.0843170125251864,0.25066073017676
964,214,0.738270678101421,0.69938608760221,0.760009322450511,0.702534094744126,0.455216745699508,0.560880477756707,0.780016399365568,0,0,-0.782292603957956,-0.0477207263524068,0.34596897046721
965,170,0.540815253494721,0.683754282579907,0.738837002936783,0.866221613756147,0.555789594943736,0.530495207458596,0.247456358175544,0,0,-0.813094347859442,-0.0264245578071003,0.410637918591678
966,141,0.859327254569991,0.906601919408729,0.18589544530919,0.908576545669966,0.749551944651505,0.754623353539675,0.332624125416649,0,0,-0.948837991378386,-0.287970607370334,0.139338292533361
967,151,0.816199061676021,0.718505084509312,0.442735199464844,0.67124369369237,0.633220447646581,0.517607437808225,0.560030139736857,0,0,-0.79771231427811,-0.148247227739641,0.280348981194027
968,147,0.501219132891608,0.685721611371662,0.508911407035084,0.668828580688485,0.38553471309406,0.790992351254686,0.501716147399247,0,0,-0.828984097406312,-0.173336778329403,0.196203013301565
969,290,0.719633759828668,0.549246968955289,0.951423056007579,0.584734950196952,0.188525449019786,0.451499584270583,0.413678772099464,0,0,-0.724760714414819,0.0126955208735979,0.179367458841606
970,144,0.532917922831653,0.777147474997598,0.292166087441309,0.636793902887975,0.589344620562304,0.548002517807547,0.48750648884226,0,1,-0.840069365745173,-0.243917570620331,0.172186511944271
971,139,0.97967134474763,0.675883451817665,0.258671306478335,0.724417666412901,0.578704218716305,0.508015859242037,0.845157919023527,0,0,-0.848811667501855,-0.231558607621747,0.149694176319871
972,141,0.670024734701053,0.786050941707809,0.619182438374605,0.87821941180393,0.675104988028478,0.45089484632548,0.482867769059289,0,0,-0.841690238549679,-0.0789808650728843,0.418013152646331
973,170,0.621515091694623,0.82884927213429,0.708362313443136,0.677955017375322,0.541970238174744,0.727750577343722,0.252502396971675,0,0,-0.801052479500537,-0.086542768464203,0.383911291730789
974,218,0.810146389064067,0.60647830415674,0.720408943712409,0.727857803890957,0.505225205693715,0.678844156800976,0.295566926068081,0,0,-0.761285586958008,-0.0248275062536667,0.363968756770694
975,139,0.715886230679599,0.478707688386955,0.48997136998884,0.886319095742268,0.411831129032186,0.451412061992586,0.434123018614392,0,0,-0.839756110080556,-0.113599524592751,0.201785462495951
976,134,0.820615530402585,0.683499488471577,0.499295802181358,0.900929387274088,0.669172017645886,0.660686439260276,0.581844125875294,0,0,-0.844039231569624,-0.103416376225004,0.334114779347821
977,186,0.460275751357337,0.411288653968152,0.741971777521343,0.877670929608492,0.5443014846922,0.622796440224426,0.45875502212147,0,1,-0.743236971957818,0.0527208330131965,0.403856340104578
978,146,0.730248514324866,0.978827804739984,0.36549605108954,0.738396148290315,0.570842644075479,0.65157016432541,0.988206530954413,0,0,-0.91919184568131,-0.275880419122853,0.208640732203099
979,158,0.610316649486079,0.703672572406291,0.615473628337929,0.720660482520038,0.587545632532166,0.520118988763998,0.7272315438514,1,0,-0.787517754472747,-0.0789213930174078,0.361618842268676
980,207,0.733886337980412,0.877735709479395,0.673043172144718,0.457809217366979,0.841941208222523,0.660497851723622,0.00166200983613152,0,0,-0.68537755929975,-0.0389547834274401,0.566662781541444
981,139,0.859723400953425,0.648296850711767,0.516441005897024,0.945307847695054,0.583983442734289,0.679617108043489,0.554828408710439,0,0,-0.863811505313286,-0.107451801325549,0.301592996592904
982,147,0.521008448858197,0.874251370921663,0.714967517975821,0.990994151977027,0.749027477957891,0.645614676251643,0.0907824636138223,0,0,-0.868944722476726,-0.0433780891095635,0.535530316811242
983,152,0.725427211715494,0.724338866584945,0.584892004176752,0.839513885290798,0.594723125611753,0.39470940882162,0.678229036732494,0,0,-0.835739436630003,-0.0967757408620839,0.34784880086932
984,174,0.777336528587246,0.439455749754729,0.491309407247575,0.783597658182201,0.388354122298154,0.663698528929088,0.217722202308292,0,0,-0.80050898028102,-0.107461268702958,0.190802033628458
985,145,0.746234785561143,0.716778015267805,0.530741209507969,0.687268999770476,0.430309591114921,0.559925829455901,0.698483496669914,0,0,-0.82986806892763,-0.161228239638606,0.228383032851212
986,199,0.87939281588348,0.652203955320169,0.575023211216261,0.723904754267042,0.469234109681078,0.737965973102549,0.495707862670394,0,0,-0.807263307157549,-0.112322753340691,0.269820504561017
987,213,0.918295953869499,0.552063341506299,0.565760188132201,0.682269048258735,0.714670805780474,0.626724729124495,0.699475206657803,0,0,-0.714927332646673,-0.0231366234815059,0.404332289530953
988,272,0.898292570681635,0.664462797186097,0.911562292747717,0.60817682143823,0.760160713448594,0.520198508868965,0.797953671834009,1,0,-0.648477632281533,0.109043338134222,0.692933842807941
989,222,0.819709505929147,0.83459409162896,0.786164750902123,0.590274227095475,0.470760859934421,0.510643227952088,0.712120207790664,1,1,-0.775289590283368,-0.0721277667653802,0.370095594184813
990,218,0.605180894383124,0.722599530097976,0.765880490682582,0.574967846276849,0.614738334465049,0.585032130447269,0.0567728814379321,0,0,-0.712064826813473,-0.0106319263458328,0.470816097241484
991,160,0.743712490725868,0.774424084686438,0.622128427945915,0.765582346944363,0.560706440589699,0.78686777996315,0.723042294143646,0,1,-0.826175869332011,-0.103885424370838,0.348831416423219
992,176,0.753891215839164,0.767041918267642,0.695805690847662,0.793722350912186,0.871141464667101,0.659536747825668,0.226093721107678,0,0,-0.752758078499417,0.0115304887666856,0.606145188648736
993,144,0.884049182017692,0.975254076340227,0.576926944311357,0.758770903159519,0.560474671634045,0.556358421441133,0.887299805396707,0,0,-0.887984517013247,-0.18354024361286,0.323352939669741
994,204,0.749691112551526,0.912407822916152,0.801754913464162,0.67358491781475,0.35502108051471,0.726208877885475,0.814553391196825,0,0,-0.845804153812686,-0.11826133548727,0.284639895686025
995,201,0.757251145134834,0.680073926120724,0.686678561395385,0.705864187453796,0.867301004517177,0.535900703631366,0.438963454040526,0,0,-0.702801873949502,0.0322466059036692,0.595557006078628
996,146,0.684428170357852,0.729759714067419,0.478337558875118,0.869745336535808,0.59989973211927,0.752478430709849,0.622188741089005,0,0,-0.86556430714299,-0.144397365970484,0.286954573431768
997,143,0.943414172475498,0.810551476750405,0.583567786242132,0.92095697762596,0.516728224290843,0.542438470042034,0.611219237739457,0,0,-0.902969454410385,-0.14312965959488,0.301545945938235
998,234,0.788215720370643,0.774358104843953,0.969678909909106,0.783177856302434,0.783957587910159,0.524286985127417,0.764266670189399,0,0,-0.719594272613704,0.108480933167732,0.760187139259695
999,214,0.849453129101391,0.709965351926589,0.778700804154247,0.818482165923045,0.612144817767835,0.632516026283128,0.123332764737844,0,1,-0.785431764930183,-0.00186294226618155,0.476677661854668
